5.322506471138954112e+03 5.350165007842838349e+03 5.376408796492100919e+03 5.397012852227511758e+03 5.423226046197800315e+03 5.444087824765741971e+03 5.461708690137643316e+03 5.473095552484397558e+03 5.482405346383432516e+03 5.491425471678184294e+03 5.502085354600775645e+03 5.519487826781487456e+03 5.543625999398650492e+03 5.568196842099322566e+03 5.592603622286502286e+03 5.614723112378299447e+03 5.631303097160614016e+03 5.644374872272107496e+03 5.658731111409799269e+03 5.671789305994346250e+03 5.677662941128985949e+03 5.677681462968351298e+03
5.301608196431704528e+03 5.330503166231728756e+03 5.349339809697004966e+03 5.369296445558810774e+03 5.394638423937256448e+03 5.416183172554254270e+03 5.435972111780744854e+03 5.451020645367397265e+03 5.462930025709712936e+03 5.472567584510882625e+03 5.485005807891656332e+03 5.499973778794512327e+03 5.519776451475010617e+03 5.547116025733910647e+03 5.569669154824161524e+03 5.593079964931230279e+03 5.611625645676498607e+03 5.632223721947098056e+03 5.654123857321086689e+03 5.671976520526898639e+03 5.681946185732829690e+03 5.684821082588287027e+03
5.280070415328635136e+03 5.301170535845088125e+03 5.318438017470491104e+03 5.335974589237647706e+03 5.361759139011343905e+03 5.385771377916843448e+03 5.407077361654445667e+03 5.426007638855307050e+03 5.436553518484957749e+03 5.448243509013492258e+03 5.457150866302548820e+03 5.468233294353351994e+03 5.483300007566244858e+03 5.507405270498142272e+03 5.528385330349719879e+03 5.550868010120507279e+03 5.575700556875864095e+03 5.606754141183030697e+03 5.636855751986421637e+03 5.663144954784750553e+03 5.680222199257272223e+03 5.687657231946237516e+03
5.260787844411094738e+03 5.276542468435514820e+03 5.288670023381827377e+03 5.305981651331358080e+03 5.334315373780001210e+03 5.359973573314226087e+03 5.380846700921751108e+03 5.399068707461465237e+03 5.408548828631292963e+03 5.417604970706377571e+03 5.422849445703860511e+03 5.428370896392424584e+03 5.440242640978504824e+03 5.460408716052322234e+03 5.478647584444106542e+03 5.499891558129058467e+03 5.528820842578872544e+03 5.563782735948962909e+03 5.606813612496827773e+03 5.644842584709313087e+03 5.671769872528787346e+03 5.685560200942603842e+03
5.241586489231924133e+03 5.252083203972884803e+03 5.263534392983572616e+03 5.285280215975459214e+03 5.315747471583728839e+03 5.343513392987954830e+03 5.364568967184917710e+03 5.382780432142077188e+03 5.390416049888111957e+03 5.393185641174965895e+03 5.392842335323779480e+03 5.395862970682951527e+03 5.404702950807474735e+03 5.422330238829673362e+03 5.440146608498223031e+03 5.453965058298747863e+03 5.485787941214461171e+03 5.519413964408621723e+03 5.569199460698375333e+03 5.616041552163116648e+03 5.656205478163170483e+03 5.677426526419140828e+03
5.221322856994518588e+03 5.232117261564671935e+03 5.242368435011440852e+03 5.270245089878948420e+03 5.305203038676772849e+03 5.339327145780827777e+03 5.361676291219661834e+03 5.376998789676860724e+03 5.383602459545859347e+03 5.386360743579062728e+03 5.384906235008628755e+03 5.382829907349989298e+03 5.391353991154607684e+03 5.403889093528813646e+03 5.415479279101967222e+03 5.427132666077760405e+03 5.451176672266976311e+03 5.483808781705855836e+03 5.533757368993912678e+03 5.592579868739413541e+03 5.633896489878266948e+03 5.659336575610800537e+03
5.205709270209339593e+03 5.217886710544374182e+03 5.232829370295704393e+03 5.264032330065819224e+03 5.303325294900399058e+03 5.340106434202693890e+03 5.365971258526314159e+03 5.383962225709668928e+03 5.391068655939241580e+03 5.394877498070198271e+03 5.394739472159454635e+03 5.394169479185397904e+03 5.398270286129753913e+03 5.406363232908216560e+03 5.414213844256885750e+03 5.425197638649339751e+03 5.426065480600535011e+03 5.463257879500813942e+03 5.516095926575069825e+03 5.568002210025503700e+03 5.614672131663152868e+03 5.644720207451293390e+03
5.203782671630704499e+03 5.210652949691075264e+03 5.232529459518898875e+03 5.266856204539858481e+03 5.308910482058065099e+03 5.346688237203592507e+03 5.375583059649243296e+03 5.395844100673193680e+03 5.406394262141226136e+03 5.410858806977195854e+03 5.412933658521550569e+03 5.418051328910218217e+03 5.419701924210833567e+03 5.417733960737771667e+03 5.419842028118908274e+03 5.421540449174374771e+03 5.427561074674834344e+03 5.453753317523263831e+03 5.500129793772029188e+03 5.550943172841985870e+03 5.595541073877039707e+03 5.634815934068103161e+03
5.208574898837229739e+03 5.220338579724082592e+03 5.243862548735230121e+03 5.281412929501045255e+03 5.320840325180181026e+03 5.357699834590371211e+03 5.387314099905353942e+03 5.409720975618283774e+03 5.424352887793453192e+03 5.431707001287414641e+03 5.434673251818822791e+03 5.440369899481830544e+03 5.439837378180713131e+03 5.434827280235301259e+03 5.430692214868759038e+03 5.428063591805273063e+03 5.423850686943600522e+03 5.448591401212818710e+03 5.488849310814740420e+03 5.535885232364958028e+03 5.576220525237038601e+03 5.622995780743679461e+03
5.215527444025649856e+03 5.237121612433801602e+03 5.256269959994075180e+03 5.295478774704029092e+03 5.334400603895972381e+03 5.366723293254827695e+03 5.399729298661060966e+03 5.428140942669996548e+03 5.447392720284870848e+03 5.455332135045553514e+03 5.459202928621778483e+03 5.456990531419040053e+03 5.449368615114083696e+03 5.441709110914814119e+03 5.430779079015256684e+03 5.422571144828411889e+03 5.418147438478335971e+03 5.436710890394610033e+03 5.474193842314762151e+03 5.518542552423074994e+03 5.559112135606802440e+03 5.614744781354757833e+03
5.217964746852602730e+03 5.240762382422450173e+03 5.269287438344534166e+03 5.307574874809489302e+03 5.341592898476059418e+03 5.376552804431248660e+03 5.414454782164248172e+03 5.450668573403701885e+03 5.473467520080925169e+03 5.481191404849860191e+03 5.483555326705130938e+03 5.478230425093659505e+03 5.467118060393905580e+03 5.454371245442055624e+03 5.441021125151289198e+03 5.423122343342384738e+03 5.411987080892216909e+03 5.421840026487047908e+03 5.455180473621582678e+03 5.499376500162858065e+03 5.545033129199396171e+03 5.611752518002441320e+03
5.210294512088808006e+03 5.235665420673745757e+03 5.266366332902852264e+03 5.311217631972003801e+03 5.353046602254137724e+03 5.394356407407966799e+03 5.437537561153541901e+03 5.475681966932983414e+03 5.499210751310788510e+03 5.507185974021322181e+03 5.511135291354578840e+03 5.504650872808476379e+03 5.493942448928773047e+03 5.478845874082393493e+03 5.460545271198564478e+03 5.435108809492156979e+03 5.415897305720580334e+03 5.420142769337391655e+03 5.444471936887318407e+03 5.494369173798690099e+03 5.545845290379649668e+03 5.611035670510340424e+03
5.192467866382155989e+03 5.216792811743331185e+03 5.262627486481903361e+03 5.320947735009672215e+03 5.377005315945991242e+03 5.423240086966246963e+03 5.463421188409605747e+03 5.500600038296340244e+03 5.522306512638017921e+03 5.532771876292412344e+03 5.540459433704758339e+03 5.535769721292697795e+03 5.526831281531536661e+03 5.515500408076030908e+03 5.496727814104644494e+03 5.470111106380432830e+03 5.447222634066319188e+03 5.443253551888527909e+03 5.465743514541116383e+03 5.513454715749084244e+03 5.564701059946921305e+03 5.613986973149335427e+03
5.160588336621194685e+03 5.211414677851516899e+03 5.277045111014805116e+03 5.342057772176588514e+03 5.406295363075422756e+03 5.448478252184710072e+03 5.481573224315667176e+03 5.515208464397353964e+03 5.541788119941025798e+03 5.557758367611440917e+03 5.565680417322272660e+03 5.572861588543722974e+03 5.570087612715848991e+03 5.561324609662713556e+03 5.547386900829418664e+03 5.522343946192456315e+03 5.501440709065591363e+03 5.489731515666865562e+03 5.508847578962916486e+03 5.553223024862363673e+03 5.608440753259649682e+03 5.658475801405630591e+03
5.138268006662153311e+03 5.205009745119980835e+03 5.295772526701292918e+03 5.370648738956885609e+03 5.424847249228039800e+03 5.462044243658752748e+03 5.489230143827669963e+03 5.522732109413597755e+03 5.554284114695536118e+03 5.579390917048748634e+03 5.596398769989631546e+03 5.603675709909615762e+03 5.606896180802068557e+03 5.607020415940000021e+03 5.600637515257249106e+03 5.582539410259400029e+03 5.562529504227906727e+03 5.554799476390328891e+03 5.570258685111652994e+03 5.614402040923862842e+03 5.662949248512660233e+03 5.710815329282365383e+03
5.140485314972722335e+03 5.216337797958065494e+03 5.318032500443455319e+03 5.388362083073311624e+03 5.435209978492648588e+03 5.467575255746555740e+03 5.494608665738071068e+03 5.528832546352279678e+03 5.567263240516331280e+03 5.599469210242027657e+03 5.622152202953851884e+03 5.635996868660155087e+03 5.642039019941966217e+03 5.645417901544994493e+03 5.643066534091976791e+03 5.640290931969677331e+03 5.630906600443263414e+03 5.628965694669731420e+03 5.648800441976238289e+03 5.683554396226668359e+03 5.727461035037966212e+03 5.770027508561148352e+03
5.175186302544064347e+03 5.257747334818148374e+03 5.347936231781261085e+03 5.411757052211276459e+03 5.448265016585247395e+03 5.479026782342656588e+03 5.511088641566170736e+03 5.545957695403764774e+03 5.581410462242848553e+03 5.615141849386435752e+03 5.640622311800117131e+03 5.662075812320941623e+03 5.671280756686974200e+03 5.682514305225248791e+03 5.689355808181365319e+03 5.690052552459942490e+03 5.692336925845820588e+03 5.697761423259533331e+03 5.717777251613237240e+03 5.746799873966268024e+03 5.784849988669017876e+03 5.820798771413908980e+03
5.221363332338754844e+03 5.304177057724327824e+03 5.380794375964605024e+03 5.432443425013991146e+03 5.468739874138695086e+03 5.501522991184369857e+03 5.538905824426142317e+03 5.571496386644959784e+03 5.600857864021727437e+03 5.632398864045978371e+03 5.657953641699534273e+03 5.679854240502377252e+03 5.695595681175954269e+03 5.712087321383707604e+03 5.726594966551556354e+03 5.737718356474482789e+03 5.746905048410461859e+03 5.754653846849647380e+03 5.772212368953760233e+03 5.796417600013288393e+03 5.826189637643024071e+03 5.854363654263335775e+03
5.263949603433301490e+03 5.343162969867291395e+03 5.408041525970576913e+03 5.455241342312387133e+03 5.488941028972456479e+03 5.532109495847342259e+03 5.570852882445255091e+03 5.597814297624297978e+03 5.622846573552111295e+03 5.648903481705309787e+03 5.674527944040800321e+03 5.699503014465164597e+03 5.716350486359126080e+03 5.736357793532192773e+03 5.753656228791438480e+03 5.773116219785315479e+03 5.787097989230249368e+03 5.799517260384553083e+03 5.810821093123216997e+03 5.827621554748084236e+03 5.850528387590218699e+03 5.870772370416036210e+03
5.294487876150428747e+03 5.370581034834417551e+03 5.434608283111359015e+03 5.470806679283957237e+03 5.519925295654324145e+03 5.561927975424875513e+03 5.595447245693973855e+03 5.621406656786564781e+03 5.646647059900556087e+03 5.672316163994863928e+03 5.696421868706062924e+03 5.718685003852956470e+03 5.736422172723188851e+03 5.757508891353965737e+03 5.777421111792479678e+03 5.794984794762303864e+03 5.812331395645696830e+03 5.828515413442012687e+03 5.835581085353320304e+03 5.845675249253313268e+03 5.856666276368145191e+03 5.873682028342226658e+03
5.316238381717072116e+03 5.396915060583425657e+03 5.436274640513146551e+03 5.501130453435162963e+03 5.550966328251643063e+03 5.587106797926544459e+03 5.615973544145409505e+03 5.643074333553808174e+03 5.668898515563048022e+03 5.693534041827709189e+03 5.716589212976189629e+03 5.736343988407176766e+03 5.758944475243967645e+03 5.777642554749211740e+03 5.797199924883439962e+03 5.816029425576736685e+03 5.831343847781758996e+03 5.843450260686247930e+03 5.849395443721307856e+03 5.850604993269772422e+03 5.858977300078431654e+03 5.868940217817714256e+03
5.323400594855248528e+03 5.407705837700817028e+03 5.460401361427747361e+03 5.527800443156740585e+03 5.577531868459750513e+03 5.609119699574743208e+03 5.638076510752946888e+03 5.661788927618547859e+03 5.686703218163119345e+03 5.709645351418479549e+03 5.732352265574885678e+03 5.753988501336334593e+03 5.777623612722201869e+03 5.793994149013837159e+03 5.812695140674863978e+03 5.831865994017048251e+03 5.846098511036774653e+03 5.857252451217334965e+03 5.861833024539158941e+03 5.861673783464808366e+03 5.860700287625242709e+03 5.860632774036853334e+03
5.333373452844680287e+03 5.410969456829302544e+03 5.483939856127543862e+03 5.542613089786304045e+03 5.593181848476924642e+03 5.626265932582032292e+03 5.655831775610206023e+03 5.678413427639475231e+03 5.700465042310769604e+03 5.722586424406863443e+03 5.745396629564632349e+03 5.765901906448673799e+03 5.788598652017003587e+03 5.806304142619673257e+03 5.822571061463793740e+03 5.839485756505552672e+03 5.853710441020758481e+03 5.865715161249723678e+03 5.872099242325671185e+03 5.871929415429856817e+03 5.864959788040395324e+03 5.865510340143768190e+03
5.346340985431907029e+03 5.430585202838497025e+03 5.498029081613995004e+03 5.557580828852358536e+03 5.603636547841743777e+03 5.635668407935459982e+03 5.665586219421985334e+03 5.691436685798221333e+03 5.710267252543124414e+03 5.732898667889004173e+03 5.755118762735674864e+03 5.774279332551673178e+03 5.793600918479637585e+03 5.810673981696079863e+03 5.827378676983269543e+03 5.841877458960725562e+03 5.856565649054443384e+03 5.867462105874024928e+03 5.877447516598040238e+03 5.873555428458752431e+03 5.872041018791910574e+03 5.867392874071914775e+03
5.370316541561953272e+03 5.453140816790792996e+03 5.513518215922879790e+03 5.563533200387361831e+03 5.605697837054897718e+03 5.637199113279442827e+03 5.667846000744515550e+03 5.694079070340509134e+03 5.715768036036495687e+03 5.740177265424305006e+03 5.760718193395528033e+03 5.779189554729973679e+03 5.796729553603679051e+03 5.812026991720452315e+03 5.828264781411902732e+03 5.841897333208761665e+03 5.855975715893026972e+03 5.867866197738238952e+03 5.876447472350907447e+03 5.877107738996740409e+03 5.876864697965123923e+03 5.876198680676173353e+03
5.410499625141741490e+03 5.470332246769178710e+03 5.523074536799888847e+03 5.565430625818612498e+03 5.598131191482263603e+03 5.631647508662053951e+03 5.662501231876009115e+03 5.690765137908527322e+03 5.714843778083681173e+03 5.744745694196366458e+03 5.764890426889951414e+03 5.781894167858729816e+03 5.798054683705909156e+03 5.811765422250668962e+03 5.828047036820185895e+03 5.845541341607106006e+03 5.859903073896244678e+03 5.870591238865275955e+03 5.878547894749622174e+03 5.880536485551069745e+03 5.879354912841841724e+03 5.876285816017169054e+03
5.443461702790602430e+03 5.491034986548827874e+03 5.533406914721455905e+03 5.570686362592476144e+03 5.591711688726242755e+03 5.624903332747239801e+03 5.655221529492960144e+03 5.686168737750815126e+03 5.711818236973542298e+03 5.741687094884684484e+03 5.766397284306836809e+03 5.782633339647486537e+03 5.796004249358749803e+03 5.814479778578296646e+03 5.832064481691221772e+03 5.853512534212417449e+03 5.867302010737430464e+03 5.876656738566733111e+03 5.881191216256826010e+03 5.881440961801366029e+03 5.879098801307720350e+03 5.876086576176966446e+03
5.477523285505394597e+03 5.509639602800266402e+03 5.541655980631751845e+03 5.571958572680219731e+03 5.576806608307048919e+03 5.605736457523767967e+03 5.633513526278181416e+03 5.664170898342416876e+03 5.695517739637563864e+03 5.726313539151468831e+03 5.755506479881561063e+03 5.782774039540801823e+03 5.802712953537215071e+03 5.818615886788044008e+03 5.846484580496117815e+03 5.864190765616672252e+03 5.877267806236021897e+03 5.884016333603081875e+03 5.886003522790928400e+03 5.884586762038717097e+03 5.881202861011192908e+03 5.877553176885519861e+03
