5.328267200320166012e+03 5.344774505662644515e+03 5.376856508031020894e+03 5.405952623316466088e+03 5.425068145168374031e+03 5.450517313430760623e+03 5.463825507205219765e+03 5.470660468386424327e+03 5.477129769687301632e+03 5.480003794834518885e+03 5.484641647840301630e+03 5.501991428939452817e+03 5.526645864522511147e+03 5.552327771816468157e+03 5.580505674899235601e+03 5.602557314710384162e+03 5.627761410691896344e+03 5.633194413727949723e+03 5.645683530406332466e+03 5.654223976872283856e+03 5.647227847534103603e+03 5.650298197445797086e+03
5.298109624607395745e+03 5.320477133293496991e+03 5.334489884674115274e+03 5.371553226789749715e+03 5.398812878390217520e+03 5.414087301631649098e+03 5.432256461162340202e+03 5.460564937444394673e+03 5.468770542147215565e+03 5.471363011878111138e+03 5.478909334950368248e+03 5.494846981369584682e+03 5.518437670836749021e+03 5.542400666017077128e+03 5.569146073757013255e+03 5.586093714913743497e+03 5.609949252723028621e+03 5.629824999037487032e+03 5.646484362785100529e+03 5.645157768777459751e+03 5.653740566737336849e+03 5.656137986510590054e+03
5.266645009103130178e+03 5.284655461938816188e+03 5.310859043810911317e+03 5.326786512552460408e+03 5.351733758756137831e+03 5.380729213746331880e+03 5.408349707081793895e+03 5.434035896948302252e+03 5.453412468425645784e+03 5.458924002737916453e+03 5.465675195423015793e+03 5.479317582137337013e+03 5.500605816864342160e+03 5.512868735839951114e+03 5.525908740698720067e+03 5.552238400427277156e+03 5.580105841437574782e+03 5.617394263063521066e+03 5.627997401376965172e+03 5.647905870360741574e+03 5.657707651670529231e+03 5.660291221974948712e+03
5.255081407695914095e+03 5.269166381118840036e+03 5.285655438440127909e+03 5.307987995051825237e+03 5.333875655918149278e+03 5.362782063895045212e+03 5.383276058989037665e+03 5.392742746196104235e+03 5.415015403751565827e+03 5.422663076977685705e+03 5.429267917306353411e+03 5.429564150160460485e+03 5.448380450440724417e+03 5.448848647354991044e+03 5.477577693033929791e+03 5.510502314633749847e+03 5.541834965481890322e+03 5.551193669060216962e+03 5.619950651070242202e+03 5.643633952329228123e+03 5.655890221921623379e+03 5.659542769412289090e+03
5.236862577762058208e+03 5.252047376013181747e+03 5.263844201873779639e+03 5.285246395884782942e+03 5.321747101003468742e+03 5.350949456377045863e+03 5.370425250593175406e+03 5.380956502022134373e+03 5.388902833047640343e+03 5.392794258894379709e+03 5.392438519391422233e+03 5.393237806312763496e+03 5.397292126662670853e+03 5.407049910715320948e+03 5.441151068822638081e+03 5.464235391682218506e+03 5.475632044036234220e+03 5.514111460596278448e+03 5.571083982412837941e+03 5.629467017298266910e+03 5.644280256467509389e+03 5.649351305374584626e+03
5.221062199963062085e+03 5.232810216344432774e+03 5.244318530810124685e+03 5.267459178267066818e+03 5.307693428076098826e+03 5.344931126264616978e+03 5.365667673116385231e+03 5.374942813521864991e+03 5.379882742061961835e+03 5.386315107795934637e+03 5.391353111247864945e+03 5.383077220434082847e+03 5.385316052953276085e+03 5.393182953189632826e+03 5.409613690916807172e+03 5.435610492731738304e+03 5.442965584753896110e+03 5.473293574739572250e+03 5.534701053758437411e+03 5.583541465891923508e+03 5.622719464325554327e+03 5.628425760432966854e+03
5.197587735988380700e+03 5.219860360426238003e+03 5.232334380231902287e+03 5.261036882396327201e+03 5.300904406035475404e+03 5.339417165697363998e+03 5.366763592211682408e+03 5.382922492627302745e+03 5.387705270408985598e+03 5.394029162526056098e+03 5.398363613652512868e+03 5.391653163653369120e+03 5.400966283330486476e+03 5.409485466500756047e+03 5.416377213259105702e+03 5.430335708806424918e+03 5.433637143775254117e+03 5.461315311406529872e+03 5.491066860802626252e+03 5.573536256575733205e+03 5.589163802395964922e+03 5.596590630042596786e+03
5.198270486588058702e+03 5.210656287639506445e+03 5.231995246155922359e+03 5.263261352282459484e+03 5.305295855798036428e+03 5.348252170235806261e+03 5.375299188473483810e+03 5.395658316102180834e+03 5.405689656140002626e+03 5.412108075843115330e+03 5.416041249520864767e+03 5.420172571130637152e+03 5.426028045451479557e+03 5.428002926837767518e+03 5.427929172426943296e+03 5.433984309311606012e+03 5.436012255102368727e+03 5.457877042603719019e+03 5.504330759849068272e+03 5.564690551713309105e+03 5.579461940789776236e+03 5.586521108172885761e+03
5.197306345486200371e+03 5.212652100162054921e+03 5.239777551823649446e+03 5.277950959123176290e+03 5.317165612246482851e+03 5.358458843609136238e+03 5.386921381186270992e+03 5.409954573117525797e+03 5.424448574312703386e+03 5.431885043631573353e+03 5.436036187637616422e+03 5.438405946080379181e+03 5.439603274003669867e+03 5.437974439602807252e+03 5.430354352412268781e+03 5.431646387486774984e+03 5.434538599043613431e+03 5.440592321039404851e+03 5.503709041320733377e+03 5.556540878755266021e+03 5.571245538739825861e+03 5.578870470508460130e+03
5.207368009649595479e+03 5.227293117099737174e+03 5.261974972125143722e+03 5.299736840305967235e+03 5.336909652467265005e+03 5.367755356054551157e+03 5.396554761352213973e+03 5.426081388644730396e+03 5.448236728076757572e+03 5.457845088203886007e+03 5.461090981148789979e+03 5.461401856514243264e+03 5.456217472251023537e+03 5.442744477501711117e+03 5.434664538838108456e+03 5.434422354819239445e+03 5.422483968623841065e+03 5.429509819390774283e+03 5.464489351765640095e+03 5.529332868618163047e+03 5.545248896797702400e+03 5.556735262478719051e+03
5.211665286264433234e+03 5.231477657614501368e+03 5.263603485422066115e+03 5.302089192873248066e+03 5.342148777426755260e+03 5.377872911993672460e+03 5.412586564202203590e+03 5.447303439200456523e+03 5.474508251666988144e+03 5.483341023882277113e+03 5.484122573476477555e+03 5.480739835432906148e+03 5.474539336277717666e+03 5.452780500804465191e+03 5.446667651707152800e+03 5.444555997634993219e+03 5.424656499244287261e+03 5.418098014695782695e+03 5.462519548890077203e+03 5.500195409542176094e+03 5.533029404327587145e+03 5.550474957495686795e+03
5.216474654071200348e+03 5.235902539832756702e+03 5.265113752230029604e+03 5.306256434328856812e+03 5.353594287487533620e+03 5.394319670198562562e+03 5.435970536972586160e+03 5.477834710364757484e+03 5.501863311799843359e+03 5.510761044468910768e+03 5.505421951459716183e+03 5.499146285162358254e+03 5.493176661998762938e+03 5.474319327699106907e+03 5.456477681122201830e+03 5.464313107986587966e+03 5.407928170184263763e+03 5.416187710208193494e+03 5.477368002699165118e+03 5.503549946315255511e+03 5.531238668774595681e+03 5.560760655600800419e+03
5.219036906827918756e+03 5.241482759273897500e+03 5.274273236636310685e+03 5.324740931965894561e+03 5.377872677004364050e+03 5.422261706504178619e+03 5.461715971835477831e+03 5.497438551494772582e+03 5.527067153185415918e+03 5.536577001966606076e+03 5.539878291886257102e+03 5.532300111054389163e+03 5.535808907540791552e+03 5.521302669264438919e+03 5.491080694729685092e+03 5.473359646217430964e+03 5.444241802555025970e+03 5.435362308512249001e+03 5.463814371974382993e+03 5.519927500027341011e+03 5.554338173051847662e+03 5.616016962026148576e+03
5.162713138378358963e+03 5.203674458626812338e+03 5.291285988930068925e+03 5.352828297401359123e+03 5.409320365666909311e+03 5.447971390995592628e+03 5.480213689162368610e+03 5.509213749126560288e+03 5.538811825548264096e+03 5.562583453352259312e+03 5.569055653266248555e+03 5.566774112977221193e+03 5.570357868407199931e+03 5.566258591011612225e+03 5.553877756425520602e+03 5.523588150550636783e+03 5.494079802509047113e+03 5.478419340254039525e+03 5.505801644605679940e+03 5.560856554114329811e+03 5.629013149183495443e+03 5.657174099120335086e+03
5.134261960588311922e+03 5.189457471927532424e+03 5.317150909639987731e+03 5.385566073740622414e+03 5.432047461295383982e+03 5.462668354401487704e+03 5.492102880740894761e+03 5.522754266039467439e+03 5.555688875569857373e+03 5.585707498674711132e+03 5.593231694011002219e+03 5.598321181162730682e+03 5.601475819318260619e+03 5.607731841367104607e+03 5.607436605358662746e+03 5.584493181229334368e+03 5.579775352212684083e+03 5.585624935862605525e+03 5.580857503347732745e+03 5.616387977336310541e+03 5.671136031754509531e+03 5.696716068589751558e+03
5.121187930618480095e+03 5.197726611385398428e+03 5.298078102265206326e+03 5.408606802016987785e+03 5.446530275036145213e+03 5.473092642821558911e+03 5.506080517909037553e+03 5.541381014378386681e+03 5.580646372432590397e+03 5.598942139848120860e+03 5.626857997033341235e+03 5.631523778951759596e+03 5.636760819846353115e+03 5.645010656213812581e+03 5.648451904480737539e+03 5.623659218738727759e+03 5.626901857321005082e+03 5.632758937450241319e+03 5.648740670163543655e+03 5.676274134798547493e+03 5.712795902801342891e+03 5.734822386410189210e+03
5.161977574996979456e+03 5.233510252648470669e+03 5.320080914466618196e+03 5.419088730675303850e+03 5.457134213237816766e+03 5.492040428676915326e+03 5.529949453617949985e+03 5.554477984662857125e+03 5.585351188674797413e+03 5.609888848387611688e+03 5.650724607169274350e+03 5.662977275547111276e+03 5.672061924658037242e+03 5.683132085152621585e+03 5.694024598691240499e+03 5.686064226477027660e+03 5.672900373631505317e+03 5.697813083518465646e+03 5.705561214038782964e+03 5.749556773710937705e+03 5.809980399394798042e+03 5.829865144468350991e+03
5.218656209661491630e+03 5.329132633594474100e+03 5.384970877516831933e+03 5.434306471901890291e+03 5.475152519012735866e+03 5.514047275270563659e+03 5.545267638362804064e+03 5.575205805048919501e+03 5.596464226705450528e+03 5.625554777484308033e+03 5.670486322626211404e+03 5.684086982342652846e+03 5.693391441055950054e+03 5.714541275536858848e+03 5.730402178353551790e+03 5.740319573965715790e+03 5.749364350623463906e+03 5.767829453803210527e+03 5.777044428953404349e+03 5.792896919882429756e+03 5.835079066798405620e+03 5.850245133394676486e+03
5.278710208232159857e+03 5.352258702947228812e+03 5.402858768340437564e+03 5.454010366647767114e+03 5.498543654238069394e+03 5.542375504626703332e+03 5.569114383675073441e+03 5.597320153892370399e+03 5.628669120057675173e+03 5.643755245559716059e+03 5.680874342164406698e+03 5.694991827234519405e+03 5.710503012194885741e+03 5.736840509645403472e+03 5.752610799109445907e+03 5.768393931633145257e+03 5.777703466261767062e+03 5.795294523645299705e+03 5.807567981215509462e+03 5.816832794255436056e+03 5.841524278033602059e+03 5.857643197292986770e+03
5.309599825332639739e+03 5.376299989851765531e+03 5.428363177103979069e+03 5.472930089002431487e+03 5.528004516272083492e+03 5.562035133666186084e+03 5.593853191245658309e+03 5.622714914990455327e+03 5.650295110402244973e+03 5.678935593200922995e+03 5.699424482757038277e+03 5.714594999629088306e+03 5.733558914333999383e+03 5.757946215335707166e+03 5.773460646982740400e+03 5.797281336901881332e+03 5.813098737052724573e+03 5.825278891841705445e+03 5.831154811133304065e+03 5.835023983154635062e+03 5.845769924883559725e+03 5.853756635179500336e+03
5.320457141350683742e+03 5.371501271863910915e+03 5.451953434991898575e+03 5.505476135170022644e+03 5.555147255009163018e+03 5.584658702082202581e+03 5.618760329679675124e+03 5.639092560854242038e+03 5.670891661791010847e+03 5.696135123526126335e+03 5.716710179100579808e+03 5.738474716162867480e+03 5.759613896659958300e+03 5.778736861020031029e+03 5.793754094835329852e+03 5.819075747919589958e+03 5.836064828823267817e+03 5.843560628710721176e+03 5.847499265806777657e+03 5.848975668936548573e+03 5.846698891744970751e+03 5.842486258208450636e+03
5.326573696206204659e+03 5.374523044018195833e+03 5.454742467693941762e+03 5.528814280588734619e+03 5.573072570620017359e+03 5.610675626620401999e+03 5.646737086847497267e+03 5.662298652782645149e+03 5.692737049754060536e+03 5.709485360696526186e+03 5.731422803669129280e+03 5.753517164153986414e+03 5.775700267020439242e+03 5.795892664126163254e+03 5.809086551984015387e+03 5.819412261800104716e+03 5.850400574711529771e+03 5.856908951258137677e+03 5.858895593405130967e+03 5.859513086874123474e+03 5.855690579038298893e+03 5.849209759485654104e+03
5.336555612554571780e+03 5.406914643683947361e+03 5.484328626696566971e+03 5.550757898105956883e+03 5.581859283693184807e+03 5.625582287907064710e+03 5.657374966198312904e+03 5.674211994637294083e+03 5.701474003548988549e+03 5.719851375658226971e+03 5.741281306580867749e+03 5.765104857556213574e+03 5.788505797694775538e+03 5.804145582405212735e+03 5.820522540494148416e+03 5.831169919958576429e+03 5.847271616093522425e+03 5.865045465105456969e+03 5.869134387106165377e+03 5.869073114400344821e+03 5.865397596565938329e+03 5.859452734018264891e+03
5.366656161560114015e+03 5.437206338813602997e+03 5.513424425961444285e+03 5.556694684868733930e+03 5.602321384703631338e+03 5.645521011200895373e+03 5.671118500688269705e+03 5.687318992352441455e+03 5.713152104938752927e+03 5.734880361832973904e+03 5.754246452896398296e+03 5.774930406449706425e+03 5.797199274877528296e+03 5.807818205279367248e+03 5.826835795063878322e+03 5.846028933203207998e+03 5.857892420244910682e+03 5.863031442645699826e+03 5.865361544102635889e+03 5.876370573578019503e+03 5.876601323479757411e+03 5.875319063291975908e+03
5.347217066101911769e+03 5.475561314822898566e+03 5.519781829316168114e+03 5.557919327938411698e+03 5.596259458131040446e+03 5.646293389482168095e+03 5.668757813130319846e+03 5.688820231509877885e+03 5.715791058825605433e+03 5.738770934723825121e+03 5.761393762285105367e+03 5.781210042933174009e+03 5.796017631697715842e+03 5.809718026494015248e+03 5.826270701262415969e+03 5.836913725988311853e+03 5.857459253769510724e+03 5.867897476856148387e+03 5.871709882128316167e+03 5.871635029746294094e+03 5.874120415934272387e+03 5.876250593442206991e+03
5.407360793248624759e+03 5.492538481947064611e+03 5.521419106967280641e+03 5.556131424214273466e+03 5.599813184395580720e+03 5.634370930887644136e+03 5.658767208550609212e+03 5.688255805910104755e+03 5.716997274254265903e+03 5.742996944173780321e+03 5.764119985419300974e+03 5.783927090966662945e+03 5.797689606915589138e+03 5.813266241123315922e+03 5.829245221210584532e+03 5.842171833704110213e+03 5.856099446502586034e+03 5.867672427906791199e+03 5.874051385546183155e+03 5.877474678096801654e+03 5.879826354292925316e+03 5.880788336523663020e+03
5.442195364362754844e+03 5.499408381180073775e+03 5.526552577358383132e+03 5.554679746762179093e+03 5.592042705066332019e+03 5.627615796542501812e+03 5.654692075187193041e+03 5.686317539475749072e+03 5.717545074473594468e+03 5.746181650085222827e+03 5.767922187766714160e+03 5.785434597476617455e+03 5.801425345071790616e+03 5.819170173597914072e+03 5.834309983621487845e+03 5.848747937495129008e+03 5.864269028266858186e+03 5.878682241326590884e+03 5.878815135438170728e+03 5.881557856118520249e+03 5.882628121687991552e+03 5.882686931924680721e+03
5.474636908039143236e+03 5.502814563775524221e+03 5.523638495643061106e+03 5.549828964347846522e+03 5.584771627402721606e+03 5.619870660807761851e+03 5.649340050384895221e+03 5.679873149958334579e+03 5.715107129486224949e+03 5.746041576621590139e+03 5.769046422347173575e+03 5.787383008403728127e+03 5.804242500744353492e+03 5.824550053715570357e+03 5.841768957925944051e+03 5.870933406738710801e+03 5.882048661497583453e+03 5.888211548468907495e+03 5.882371282986042388e+03 5.883825093834852851e+03 5.884078297604794898e+03 5.883630305318156388e+03
