5.317961387548819403e+03 5.342934459388957293e+03 5.368299988336277238e+03 5.397721401760427398e+03 5.423578658639225978e+03 5.444265526895802395e+03 5.460520423519727956e+03 5.473031397921322423e+03 5.480943593025574955e+03 5.481803135812810069e+03 5.491176503161578694e+03 5.506874336285937716e+03 5.528225182430540372e+03 5.564785941461994298e+03 5.591993742289935653e+03 5.614055871336788186e+03 5.628642445719787247e+03 5.640762331022014223e+03 5.652624306916717615e+03 5.674706232720250227e+03 5.679533743167574357e+03 5.678289929108547767e+03
5.296657272635197842e+03 5.317163488231209158e+03 5.345677861874801238e+03 5.369254477400573705e+03 5.393866699948890528e+03 5.416356115083442091e+03 5.435824534956875141e+03 5.451990264255569855e+03 5.466036955559788112e+03 5.473212679349297105e+03 5.481678074929452123e+03 5.500090941879712773e+03 5.518204921660613763e+03 5.544777694854870788e+03 5.569302789851062698e+03 5.591036031664149959e+03 5.610838689104074547e+03 5.632333839629893191e+03 5.658227782095845214e+03 5.675610930328541144e+03 5.684088001056547910e+03 5.685139510934840473e+03
5.280355669073662284e+03 5.290648588807457600e+03 5.313900553587823197e+03 5.335692495532983230e+03 5.359373138130427833e+03 5.383515010012311905e+03 5.405514801186473960e+03 5.426068203977064513e+03 5.441003452501826359e+03 5.452139639263447862e+03 5.460877983262634189e+03 5.470097434037654239e+03 5.487674445241063040e+03 5.511848970144743362e+03 5.531877756147648142e+03 5.552310697081574290e+03 5.578826604759819020e+03 5.607769642848860713e+03 5.641138281309251397e+03 5.666537437558801685e+03 5.681420162927907768e+03 5.686948856110127963e+03
5.251989984010819171e+03 5.266827057103481820e+03 5.283980923943067864e+03 5.306647691279184073e+03 5.333967615071726868e+03 5.360764809930126830e+03 5.385073994125404170e+03 5.399939412930389153e+03 5.411051371587221183e+03 5.423488533279091826e+03 5.426169559507031408e+03 5.433154096909125656e+03 5.445375744043807572e+03 5.463772289554854069e+03 5.486564545623486083e+03 5.504254431378920344e+03 5.532211827662624273e+03 5.568292239140320817e+03 5.611122295103919896e+03 5.645866797512258927e+03 5.674613432062400534e+03 5.691052567456937140e+03
5.252220561588877899e+03 5.248184813942708388e+03 5.264211286400682184e+03 5.287342399220169682e+03 5.318239561788950596e+03 5.348073666175436301e+03 5.367987678468986815e+03 5.380807614824065240e+03 5.392706084663991533e+03 5.396575054594484754e+03 5.396537069525229526e+03 5.397342025346046285e+03 5.402800342072374406e+03 5.415965550898137735e+03 5.439552418986888370e+03 5.454404715584241785e+03 5.479958510812377426e+03 5.521711829416366527e+03 5.569005660593003086e+03 5.618513636417040289e+03 5.658269436420852799e+03 5.649510512040005779e+03
5.213076014386308088e+03 5.228889624039467890e+03 5.245202484866420491e+03 5.270801498867222108e+03 5.306541136207004456e+03 5.340687051331532530e+03 5.363149407095773313e+03 5.374703108499108566e+03 5.383039087364336410e+03 5.386785059044086665e+03 5.385167730385804134e+03 5.384225877190947358e+03 5.390133987326332317e+03 5.401504412046088873e+03 5.422117622458559708e+03 5.429719002459493822e+03 5.446030421344318711e+03 5.480922446033666347e+03 5.536396826069476447e+03 5.585988115553062016e+03 5.623225905283527027e+03 5.628949590952751350e+03
5.198084050875897447e+03 5.215771051052580333e+03 5.233034403461459988e+03 5.260815538731236302e+03 5.300687364297019485e+03 5.339601889708228555e+03 5.367092269172568194e+03 5.381276378883945654e+03 5.390366179111953898e+03 5.394674386874242373e+03 5.393218373572944074e+03 5.394157227469599093e+03 5.397745059981037230e+03 5.405453455757730808e+03 5.413348086518249147e+03 5.417318592509775044e+03 5.437203679991536774e+03 5.460886436901512752e+03 5.507352956629230903e+03 5.570729345414635645e+03 5.607351703233886838e+03 5.629597812105714183e+03
5.191536875847882584e+03 5.211463335330077825e+03 5.230943353731159732e+03 5.263242340568202962e+03 5.305137420119156559e+03 5.343985598619296979e+03 5.374109344464608512e+03 5.395266008420236176e+03 5.405944215228254507e+03 5.410433396536426699e+03 5.414949698519673802e+03 5.420444646471873966e+03 5.417176922401436968e+03 5.420631310570676760e+03 5.420956112112239680e+03 5.422732214672386363e+03 5.435828355835359616e+03 5.458549929822007471e+03 5.505069897730279081e+03 5.550815737051284486e+03 5.586753823290219771e+03 5.609873911446265083e+03
5.194264899036417773e+03 5.213611811953519464e+03 5.239139780833874283e+03 5.277450351497077463e+03 5.319301379733426984e+03 5.355119875960752324e+03 5.385695289946556841e+03 5.409261435707115197e+03 5.425155671678751787e+03 5.432312750337731813e+03 5.436737377092248607e+03 5.438971450868511056e+03 5.440148101594546461e+03 5.433732581682274031e+03 5.430037743957883322e+03 5.431668030899679252e+03 5.428021644972000104e+03 5.447803317533086556e+03 5.488680282233831349e+03 5.537887112165515646e+03 5.572642590616979760e+03 5.595912487720188437e+03
5.202757529398455517e+03 5.221162942655920233e+03 5.251411519229427540e+03 5.292300466439362935e+03 5.332563019240864378e+03 5.367589793416502289e+03 5.397017261157176108e+03 5.426844203054604804e+03 5.447151988416286258e+03 5.457246713779422862e+03 5.460084756801836193e+03 5.459837455129212685e+03 5.453377062354529698e+03 5.442281679557655480e+03 5.433905167336819432e+03 5.425579244892119277e+03 5.422435647137350315e+03 5.434549518621835887e+03 5.477057746366386709e+03 5.517851075614106776e+03 5.551391320730945154e+03 5.575956285651747748e+03
5.212526482213807867e+03 5.228708248985445607e+03 5.258441474758289587e+03 5.299723519039079292e+03 5.340772272812017945e+03 5.376599084159985978e+03 5.413023279577962057e+03 5.449759401555942532e+03 5.475842011051225199e+03 5.482904933649993836e+03 5.483315076654210316e+03 5.480115761191120328e+03 5.467030481524961033e+03 5.454137112573251216e+03 5.442797085763924770e+03 5.443102248329276335e+03 5.425065736806689529e+03 5.422822090045788173e+03 5.456377411428744381e+03 5.501755194186452172e+03 5.538220657218006636e+03 5.549725625609635244e+03
5.207617745784928957e+03 5.233286214048784132e+03 5.264635789365541314e+03 5.306463748053299241e+03 5.351051162319798095e+03 5.394229942992522410e+03 5.437226769297716601e+03 5.473206250630766590e+03 5.495757374066123703e+03 5.510084248026027126e+03 5.508655918584401661e+03 5.505968892067903653e+03 5.491494070412143628e+03 5.481048186048600655e+03 5.465889568947000953e+03 5.465777341571876605e+03 5.417304518625539458e+03 5.418410909547113079e+03 5.452677620254130488e+03 5.496883728756712117e+03 5.541237349634378006e+03 5.581861074664914668e+03
5.185877422867133646e+03 5.221716323108515098e+03 5.273656489512165535e+03 5.320596771816924047e+03 5.375423306900021998e+03 5.422132321458212573e+03 5.462460239688083675e+03 5.493711032036644610e+03 5.518320176957102376e+03 5.535998222882845766e+03 5.537714764405180176e+03 5.539865843795489127e+03 5.536828253769273942e+03 5.519783736457271516e+03 5.501957646525002019e+03 5.467471190338289489e+03 5.449394873491431099e+03 5.444113883477067247e+03 5.469367261936181421e+03 5.519450732663267445e+03 5.571378015419709300e+03 5.619106820608853923e+03
5.160536668550130344e+03 5.204174326125308653e+03 5.266813957718012716e+03 5.352636410422830522e+03 5.407578334659283428e+03 5.447411370097539475e+03 5.479306404198325254e+03 5.512459250910797891e+03 5.537383940237078605e+03 5.556980954356309667e+03 5.565627872082473914e+03 5.571044854020815364e+03 5.570398838131491175e+03 5.565356127659692902e+03 5.555561249879387105e+03 5.525921464290076983e+03 5.497775471291102804e+03 5.491233515236439416e+03 5.508653494127258455e+03 5.555684395910244348e+03 5.611995611474347243e+03 5.643231781627769124e+03
5.124662552530685389e+03 5.194330018800588732e+03 5.281917131681008868e+03 5.386363769362314088e+03 5.431740039194597557e+03 5.463046578466447500e+03 5.490362724997547957e+03 5.525038158916469001e+03 5.553962455156641226e+03 5.581032655028322552e+03 5.596213343076467936e+03 5.601191756569635800e+03 5.605257706636347393e+03 5.600699607581655073e+03 5.597375635013248939e+03 5.585817946632040730e+03 5.562578220317675914e+03 5.553291141196813442e+03 5.573640810001668797e+03 5.617709925109167671e+03 5.667066370430961797e+03 5.704476467733615209e+03
5.134483210817505096e+03 5.198336451573426530e+03 5.285511427503447521e+03 5.385571318785751828e+03 5.445701825197205835e+03 5.472203308941569048e+03 5.496781009744194307e+03 5.532577631218149691e+03 5.565870816955211012e+03 5.599631006255422108e+03 5.621261483677794786e+03 5.633541726988769369e+03 5.639051056850702480e+03 5.645971321958401859e+03 5.644160974366643131e+03 5.635508786105736363e+03 5.626727457720552593e+03 5.632956137457726982e+03 5.638462269559279775e+03 5.676314151532547839e+03 5.738192114852831764e+03 5.766353692766348104e+03
5.165324100488947806e+03 5.246128107630774139e+03 5.319242970755971328e+03 5.395474080157718163e+03 5.455256440230310545e+03 5.486443452660309958e+03 5.516293992051884743e+03 5.549640754153375383e+03 5.580914629237001463e+03 5.614376193565589347e+03 5.645115644205502576e+03 5.660281324177664828e+03 5.671530877675850206e+03 5.682632790274902618e+03 5.693689350938589996e+03 5.688215475612739283e+03 5.692780872447150614e+03 5.697207988602257501e+03 5.706479258992834730e+03 5.751879709869412181e+03 5.796288496538570143e+03 5.821413770040231611e+03
5.212086313854204491e+03 5.293828648370014889e+03 5.359576726702685846e+03 5.433652475917069751e+03 5.471092323064073753e+03 5.509509345974324788e+03 5.547556264388506861e+03 5.571705199252162856e+03 5.596642103540249991e+03 5.625003873552397636e+03 5.654683711876462439e+03 5.681703128239470971e+03 5.697428622475184056e+03 5.713738360346376794e+03 5.729103766934849773e+03 5.741678610047407346e+03 5.754991280413682944e+03 5.755399381032435485e+03 5.763099167991173999e+03 5.771497697551259080e+03 5.830887874810523499e+03 5.853978696753948498e+03
5.264690099772171379e+03 5.342931668783798159e+03 5.400468320816326013e+03 5.449882227900498037e+03 5.495511951797318943e+03 5.537530650393949145e+03 5.572829323278549964e+03 5.596783745147226000e+03 5.622570906105888753e+03 5.649414999469855502e+03 5.665968473677931797e+03 5.698030296749346235e+03 5.714064475002450308e+03 5.734815762638138040e+03 5.753529984738077474e+03 5.767063414048526283e+03 5.782571773018337808e+03 5.800333038131476314e+03 5.808468833801950495e+03 5.825801539574520575e+03 5.845558217501433319e+03 5.863850480352354680e+03
5.296905515993119479e+03 5.367748864689618131e+03 5.412941943154659384e+03 5.477036573405139279e+03 5.526636284019537925e+03 5.565609020351924300e+03 5.592746209249382446e+03 5.621606920971538784e+03 5.647345595869088356e+03 5.671683230573387846e+03 5.697643707192005422e+03 5.717463750555356455e+03 5.734964655709590261e+03 5.756438301080916972e+03 5.775536695863850582e+03 5.797020838949556492e+03 5.813410510578835783e+03 5.825035766053340012e+03 5.831301441462654111e+03 5.835249097660220286e+03 5.850928146872596699e+03 5.864835548531845234e+03
5.305050456493585443e+03 5.376905784164307988e+03 5.429900524466637762e+03 5.509026202573990304e+03 5.553106185109092621e+03 5.584659115465546165e+03 5.614391429880207397e+03 5.641843340382040878e+03 5.669147154693554512e+03 5.695902008455754185e+03 5.716665592919977826e+03 5.736605903894386756e+03 5.758728872864350706e+03 5.778719622176566190e+03 5.793932718413539988e+03 5.816657534680320168e+03 5.831868230336785928e+03 5.843796891777156816e+03 5.848177487759369797e+03 5.848525489661887150e+03 5.851082778316160329e+03 5.868855302711446711e+03
5.318757138000595660e+03 5.389918743302151597e+03 5.461927416406310840e+03 5.524584054231090704e+03 5.568337338424485097e+03 5.609436669200026699e+03 5.636073019218221816e+03 5.665183207267715261e+03 5.686182726070267563e+03 5.710405695458813170e+03 5.732212773656693571e+03 5.754645418946310201e+03 5.775444352207658994e+03 5.794859700641586642e+03 5.810117514546805978e+03 5.829926649089813509e+03 5.843945611981007460e+03 5.856240258501531571e+03 5.858888538653166506e+03 5.857338891863510980e+03 5.856260947141453471e+03 5.869343813712861447e+03
5.325464879500263123e+03 5.408563820177149864e+03 5.476666518472377902e+03 5.543431895303840065e+03 5.583955810143580493e+03 5.625970856908507812e+03 5.656678768275063703e+03 5.679283024932748958e+03 5.698743364778685645e+03 5.722772486971110084e+03 5.742584582862053139e+03 5.767226576708014363e+03 5.788189420886604239e+03 5.808554748944951825e+03 5.822070707223715544e+03 5.837503962254175349e+03 5.854270948523160769e+03 5.865091640390086468e+03 5.866857671655974627e+03 5.866141607603672128e+03 5.862251066104996426e+03 5.857974323200446634e+03
5.347427724655266502e+03 5.435013350776303014e+03 5.500981154569229147e+03 5.561175183535126962e+03 5.606393590986933305e+03 5.638048415800472867e+03 5.667744207629984885e+03 5.689746392183992612e+03 5.711282400249892817e+03 5.732842347591629732e+03 5.754308092363487958e+03 5.774831078382957458e+03 5.793362378859166711e+03 5.812284299447796911e+03 5.825445280622389873e+03 5.842785431445131508e+03 5.856988225549481285e+03 5.868408566488540600e+03 5.878371660034586057e+03 5.876585366053192047e+03 5.876639635893697232e+03 5.875952069870272680e+03
5.377788802005287835e+03 5.462004372436280391e+03 5.513820880237862184e+03 5.559343518396421132e+03 5.600886408699789172e+03 5.636887292479783355e+03 5.664838723592150927e+03 5.692120460051325608e+03 5.716006377311642609e+03 5.739722763699412099e+03 5.760518725550216914e+03 5.779195413684847153e+03 5.796024452752222714e+03 5.813326858306322720e+03 5.827071369676172253e+03 5.844452205363415487e+03 5.858159938853589665e+03 5.870473169103872351e+03 5.878989236704851464e+03 5.876070434830027807e+03 5.878029162473335418e+03 5.869400014461882165e+03
5.406604795588709749e+03 5.471233528945863327e+03 5.526246953587023199e+03 5.559524816280227242e+03 5.596393164305036407e+03 5.629940055605670750e+03 5.661228168843936146e+03 5.683619415349790870e+03 5.717159028998530630e+03 5.742841545595016214e+03 5.764351717446581461e+03 5.782265886292725554e+03 5.797965535367078701e+03 5.815309478234255948e+03 5.826755183429660974e+03 5.841617489980698338e+03 5.857488590472400574e+03 5.870805931944186341e+03 5.872021282680417244e+03 5.873511699358924488e+03 5.873724874587714112e+03 5.873654021440140241e+03
5.439662428046797686e+03 5.491262794879458852e+03 5.526407448138872496e+03 5.562515668160766836e+03 5.590605547264987763e+03 5.622733357568997235e+03 5.646151964130996021e+03 5.675452205428079651e+03 5.716894868295869856e+03 5.745063302210492111e+03 5.766291931031849344e+03 5.782669663998342912e+03 5.798406045918941345e+03 5.819731277814122222e+03 5.835828675702156943e+03 5.851662592112572383e+03 5.867755754752692155e+03 5.878644367055317161e+03 5.879869990296616379e+03 5.879144913391739465e+03 5.877444230808490829e+03 5.875935673732097712e+03
5.473678147299783632e+03 5.511086370300052295e+03 5.528424436842715295e+03 5.559936428593528035e+03 5.594948719004290979e+03 5.626709225216283812e+03 5.636732314563635555e+03 5.667288774978195761e+03 5.714764497358393783e+03 5.744114589799799433e+03 5.765712973167105702e+03 5.782664338943232906e+03 5.804422528176463857e+03 5.825049944415339269e+03 5.849686886331421192e+03 5.865865060985444870e+03 5.878264185793356774e+03 5.887476037307159459e+03 5.886337658408376228e+03 5.883106040380011109e+03 5.879481992450630059e+03 5.876656097714942007e+03
