-5.760729181211900141e+00 5.390502180193834647e+00 -4.477115389199752826e-01 -8.939771088954330480e+00 -1.842098970573715633e+00 -6.429488665018652682e+00 -2.116817067576448608e+00 2.435084097973231110e+00 5.275576696130883647e+00 1.142167684366540925e+01 1.744370676047401503e+01 1.749639784203463932e+01 1.698013487613934558e+01 1.586907028285440902e+01 1.209794738726668584e+01 1.216579766791528527e+01 3.541686468717671232e+00 1.118045854415777285e+01 1.304758100346680294e+01 1.756532912206239416e+01 3.043509359488234622e+01 2.738326552255421120e+01
3.498571824308783107e+00 1.002603293823176500e+01 1.484992502288969263e+01 -2.256781230938941007e+00 -4.174454452961072093e+00 2.095870922605172382e+00 3.715650618404652050e+00 -9.544292076997408003e+00 -5.840516437502628833e+00 1.204572632771487406e+00 6.096472941288084257e+00 5.126797424927644897e+00 1.338780638261596323e+00 4.715359716833518178e+00 5.230810671482686303e-01 6.986250017486781871e+00 1.676392953469985514e+00 2.398722909611024079e+00 7.639494535986159462e+00 2.681875174943888851e+01 2.820561899549284135e+01 2.868309607769697323e+01
1.342540622550495755e+01 1.651507390627193672e+01 7.578973659579787636e+00 9.188076685187297699e+00 1.002538025520607334e+01 5.042164170511568955e+00 -1.272345427348227531e+00 -8.028258092995201878e+00 -1.685894994068803499e+01 -1.068049372442419553e+01 -8.524329120466973109e+00 -1.108428778398501890e+01 -1.730580929809730151e+01 -5.463465341808841913e+00 2.476589650999812875e+00 -1.370390306769877498e+00 -4.405284561710686830e+00 -1.064012188049036922e+01 8.858350609456465463e+00 1.523908442400897911e+01 2.251454758674299228e+01 2.736600997128880408e+01
5.706436715180643660e+00 7.376087316674784233e+00 3.014584941699467890e+00 -2.006343720467157254e+00 4.397178618519319571e-01 -2.808490580819125171e+00 -2.429358067286557343e+00 6.325961265361002006e+00 -6.466575120272864297e+00 -5.058106271308133728e+00 -6.418471602492900274e+00 -1.193253768035901885e+00 -8.137809462219593115e+00 1.156006869733118947e+01 1.069891410176751378e+00 -1.061075650469138054e+01 -1.301412290301777830e+01 1.258906688874594693e+01 -1.313703857341442927e+01 1.208632380084964097e+00 1.587965060716396692e+01 2.601743153031475231e+01
4.723911469865925028e+00 3.582795970305596711e-02 -3.098088902070230688e-01 3.382009067627222976e-02 -5.999629419739903824e+00 -7.436063389091032150e+00 -5.856283408257695555e+00 1.823930119942815509e+00 1.513216840471613978e+00 3.913822805861855159e-01 4.038159323572472204e-01 2.625164370188031171e+00 7.410824144803882518e+00 1.528032811435241456e+01 -1.004460324415049399e+00 -1.027033338347064273e+01 1.015589717822695093e+01 5.302503812343275058e+00 -1.884521714462607633e+00 -1.342546513515026163e+01 1.192522169566109369e+01 2.807522104455620138e+01
2.606570314565033186e-01 -6.929547797608393012e-01 -1.950095798683832982e+00 2.785911611881601857e+00 -2.490389399325977138e+00 -5.603980483789200662e+00 -3.991381896723396494e+00 2.055976154995732941e+00 3.719717483897511556e+00 4.563578312809113413e-02 -6.446876239236189576e+00 -2.473130840935482411e-01 6.037938201331598975e+00 1.070614033918081986e+01 5.865588185160049761e+00 -8.477826653977899696e+00 8.211087513080201461e+00 1.051520696628358564e+01 -9.436847645247326000e-01 9.038402847490033309e+00 1.117702555271262099e+01 3.091081517783368326e+01
8.121534220958892547e+00 -1.973649881863821065e+00 4.949900638021063060e-01 2.995447669492023124e+00 2.420888864923654182e+00 6.892685053298919229e-01 -7.923336853682485525e-01 1.039733082366183226e+00 3.363385530255982303e+00 8.483355441421736032e-01 -3.624141493058232300e+00 2.516315532028784219e+00 -2.695997200732563215e+00 -3.122233592539487290e+00 -2.163369002219951653e+00 -5.138070157085167011e+00 -7.571663174719105882e+00 1.942568094284069957e+00 2.502906577244357322e+01 -5.534046550229504646e+00 2.550832926718794624e+01 4.812957740869660483e+01
5.512185042645796784e+00 -3.337948431180848274e-03 5.342133629765157821e-01 3.594852257398997608e+00 3.614626260028671823e+00 -1.563933032213753904e+00 2.838711757594865048e-01 1.857845710128458450e-01 7.046060012235102477e-01 -1.249268865919475502e+00 -3.107590999314197688e+00 -2.121242220418935176e+00 -6.326121240645989019e+00 -1.026896609999585053e+01 -8.087144308035021822e+00 -1.244386013723124051e+01 -8.451180427534382034e+00 -4.123725080455187708e+00 -4.200966077039083757e+00 -1.374737887132323522e+01 1.607913308726347168e+01 4.829482589521740010e+01
1.126855335102936806e+01 7.686479562027670909e+00 4.084996911580674350e+00 3.461970377868965443e+00 3.674712933698174311e+00 -7.590090187650275766e-01 3.927187190829499741e-01 -2.335974992420233320e-01 -9.568651925019366900e-02 -1.780423441587117850e-01 -1.362935818793630460e+00 1.963953401451362879e+00 2.341041770432639169e-01 -3.147159367505992122e+00 3.378624564902565908e-01 -3.582795681501920626e+00 -1.068791210001290892e+01 7.999080173413858574e+00 -1.485973050599295675e+01 -2.065564639030799299e+01 4.974986497212739778e+00 4.412531023521933093e+01
8.159434376054377935e+00 9.828495334064427880e+00 -5.705012131068542658e+00 -4.258065601938142208e+00 -2.509048571292623819e+00 -1.032062799723462376e+00 3.174537308846993255e+00 2.059554025266152166e+00 -8.440077918867245899e-01 -2.512953158332493331e+00 -1.888052527011495840e+00 -4.411325095203210367e+00 -6.848857136939841439e+00 -1.035366586896998342e+00 -3.885459822851771605e+00 -1.185120999082755588e+01 -4.336530145505093969e+00 7.201071003835750162e+00 9.704490549122056109e+00 -1.079031619508805306e+01 1.386323880910003936e+01 5.800951887603878276e+01
6.299460588169495168e+00 9.284724807948805392e+00 5.683952922468051838e+00 5.485681936241235235e+00 -5.558789506958419224e-01 -1.320107562423800118e+00 1.868217962044582237e+00 3.365134203245361277e+00 -1.040731586062975111e+00 -2.149619032416921982e+00 -5.672467713466176065e-01 -2.509410339246642252e+00 -7.421275883812086249e+00 1.590744637590432831e+00 -5.646526555863601970e+00 -2.143365429260848032e+01 -1.266941835207035183e+01 3.742011791265213105e+00 -7.339075268494525517e+00 -8.189093793180290959e-01 1.200372487180902681e+01 6.127756050675452570e+01
-6.180141982392342470e+00 -2.371191590109447134e-01 1.252580672822659835e+00 4.961197643146988412e+00 -5.476852333958959207e-01 3.673720940423663706e-02 1.567024180955741031e+00 -2.152743431774069904e+00 -2.652560489054849313e+00 -3.575070447588586831e+00 5.713339894862656365e+00 5.504587646118125122e+00 7.657869300101083354e-01 4.526546383286586206e+00 4.067590076362648688e+00 -2.920429849443098647e+01 7.969135536316571233e+00 3.955059129198161827e+00 -3.289606581184671086e+01 -9.180772516565411934e+00 1.460662160505398788e+01 5.027501490954000474e+01
-2.656904044576276647e+01 -2.468994753056631453e+01 -1.164575015440732386e+01 -3.793196956222345761e+00 -8.673610583728077472e-01 9.783804620683440589e-01 1.705216574127916829e+00 3.161486801567662042e+00 -4.760640547397997580e+00 -3.805125674193732266e+00 5.811418185012371396e-01 3.469610238308632688e+00 -8.977626009254890960e+00 -5.802261188408010639e+00 5.647119374959402194e+00 -3.248539836998133978e+00 2.980831511293217773e+00 7.891243376278907817e+00 1.929142566733389685e+00 -6.472784278256767720e+00 1.036288689507364325e+01 -2.029988876813149545e+00
-2.124801757164277660e+00 7.740219224704560474e+00 -1.424087791526380897e+01 -1.077052522477060847e+01 -3.025002591486554593e+00 5.068611891174441553e-01 1.359535153298566001e+00 5.994715270793676609e+00 2.976294392761701602e+00 -4.825085740818394697e+00 -3.375235943975894770e+00 6.087475566501780122e+00 -2.702556913509397418e-01 -4.933981348898669239e+00 -6.490855596101937408e+00 -1.244204358180468262e+00 7.360906556544250634e+00 1.131217541282603634e+01 3.045934357236546930e+00 -7.633529251966137963e+00 -2.057239592384576099e+01 1.301702285295505135e+00
4.006046073841389443e+00 1.555227319244841055e+01 -2.137838293869481276e+01 -1.491733478373680555e+01 -7.200212067344182287e+00 -6.241107427349561476e-01 -2.872736913224798627e+00 -2.215662586968392134e-02 -1.404760874321254960e+00 -6.316581625962498947e+00 3.167075978629327437e+00 5.354528746885080182e+00 5.420361483807937475e+00 -7.114254271045865607e-01 -6.799090101413639786e+00 -1.953770969934339519e+00 -1.724584798477735603e+01 -3.082545947227663419e+01 -1.059881823607975093e+01 -1.985936412447699695e+00 -8.186783241849298065e+00 1.409926069261382509e+01
1.929738435424224008e+01 1.861118657266706578e+01 1.995439817824899364e+01 -2.024471894367616187e+01 -1.132029654349662451e+01 -5.517387075003171049e+00 -1.147185217096648557e+01 -1.254846802610700252e+01 -1.338313191625911713e+01 5.270703939067971078e-01 -4.705794079489351134e+00 4.473089708395491471e+00 5.278200095613101439e+00 4.072453311819117516e-01 -5.385370388760748028e+00 1.663171323094957188e+01 4.004743122258332733e+00 -3.793242780509899603e+00 5.977181269463471835e-02 7.280261428120866185e+00 1.466513223662332166e+01 3.520512215095914144e+01
1.320872754708489083e+01 2.423708216967770568e+01 2.785531731464288896e+01 -7.331678464027390874e+00 -8.869196652569371508e+00 -1.301364633425873762e+01 -1.886081205177924858e+01 -8.520289259092351131e+00 -3.940726431948860409e+00 5.253000998824063572e+00 -1.010229536915721837e+01 -9.014632261696533533e-01 -7.811679710630414775e-01 -6.177799273727941909e-01 -4.668790509875179850e+00 3.988325982914830092e+00 1.943655221431527025e+01 -5.166025893231562804e-02 1.221603757445427618e+01 -2.756899744669681240e+00 -2.513041072578016610e+01 -9.066373054442010471e+00
2.707122677263214428e+00 -2.495557587014627643e+01 -4.176501552226909553e+00 -1.863046887899145077e+00 -6.412644874040779541e+00 -1.252428408619380207e+01 -6.361813936661746993e+00 -3.709418403959716670e+00 4.393637316276908678e+00 6.844086561670337687e+00 -1.253268092667713063e+01 -4.232741840275593859e+00 2.204240120004214987e+00 -2.453954153151244100e+00 -3.807211801995435962e+00 -2.601217491233001056e+00 -2.459302213002047210e+00 -1.317560695356314682e+01 -4.832059999644116033e+00 3.520680130858636403e+00 -8.889429155381549208e+00 4.118520868659288681e+00
-1.476060479885836685e+01 -9.095733079937417642e+00 5.182757630139349203e+00 1.230975664620018506e+00 -9.602625265612914518e+00 -1.026600877936107281e+01 1.738498770181649888e+00 4.941437319275792106e-01 -5.822546505563877872e+00 5.148236145593727997e+00 -6.346398123606377339e+00 4.511187230645191448e+00 5.847474164240338723e+00 -4.827161132106994046e-01 1.045429681992573023e+00 4.722288152170222020e+00 9.394522968482306169e+00 4.222736739253377891e+00 3.253111907707534556e+00 1.078876049264817993e+01 9.004109556616640475e+00 1.312917312304944062e+01
-1.511194918221099215e+01 -5.718955017347980174e+00 6.245106007379945368e+00 -2.123409718474249530e+00 -8.079220617759347078e+00 -1.071582413105716114e-01 1.594054448315546324e+00 -1.308258203890545701e+00 -3.648050501688885561e+00 -6.619429206059066928e+00 -3.002614050975353166e+00 4.090004223868163535e+00 2.863258389189468289e+00 -4.373239817414287245e-01 3.960464809739278280e+00 -2.296542139577468333e+00 -7.673414070277431165e-01 3.236521600307241897e+00 4.426274220016239269e+00 1.065126609867820662e+01 1.089635148458546610e+01 1.992539316272632277e+01
-4.218759633611625759e+00 2.541378871951474139e+01 -1.567879447875202459e+01 -4.345681734859681455e+00 -4.180926757519955572e+00 2.448095844341878546e+00 -2.786785534265618480e+00 3.981772699566135998e+00 -1.993146227962824923e+00 -2.601081698417146981e+00 -1.209661243901791750e-01 -2.130727755690713821e+00 -6.694214159906550776e-01 -1.094306270819288329e+00 3.445830048110110511e+00 -3.046322342853272858e+00 -4.720981041508821363e+00 -1.103680244732458959e-01 1.896177914530198905e+00 1.629324333223848953e+00 1.227840833346090221e+01 2.645395960926362022e+01
-3.173101350956130773e+00 3.318279368262119533e+01 5.658893733805598458e+00 -1.013837431994033977e+00 4.459297839733153523e+00 -1.555927045658791030e+00 -8.660576094550378912e+00 -5.097251640972899622e-01 -6.033831590941190370e+00 1.599907219533633906e-01 9.294619057563977549e-01 4.713371823481793399e-01 1.923345701762627868e+00 -1.898515112326094822e+00 3.608588690848591796e+00 1.245373221694353560e+01 -4.302063674755117972e+00 3.434999591972882627e-01 2.937431134027974622e+00 2.160696590684892726e+00 5.009708586943816044e+00 1.142301455119923048e+01
-3.182159709891493549e+00 4.054813145355183224e+00 -3.887705690231086919e-01 -8.144808319652838691e+00 1.132256478373983555e+01 6.836446749675815227e-01 -1.543190588106881478e+00 4.201433002181147458e+00 -1.008961238218944345e+00 2.735048748636472737e+00 4.115322983764599485e+00 7.970488924602250336e-01 9.285432222804956837e-02 2.158560214460521820e+00 2.048520969645323930e+00 8.315836546976242971e+00 6.438824927236055373e+00 6.696961442667088704e-01 2.964855219505807327e+00 2.856301029511996603e+00 -4.378085255430050893e-01 6.057606125503298244e+00
-2.031517612820698560e+01 -6.621135975105971738e+00 -1.539534434744928149e+01 8.861439836246063351e-01 1.315163138112438901e+00 -9.852603265435391222e+00 -5.532281266284371668e+00 4.117693445779877948e+00 -2.884852395628513477e+00 -1.981693943969730753e+00 8.723098392765678000e-01 -6.510738980332462233e-01 -3.598356397890711378e+00 2.855776416712615173e+00 5.428819193912204355e-01 -4.151474242482436239e+00 -1.326771190467297856e+00 4.430663228325101954e+00 1.208597249540434859e+01 -2.815145119267072005e+00 -4.560304687846837624e+00 -7.926189220061132801e+00
2.309947546004150354e+01 -2.242049803210557002e+01 -6.263613393288324005e+00 5.613872448950132821e+00 9.438378923857271730e+00 -9.094276202725268377e+00 -9.118123858042963548e-01 5.258838830631248129e+00 -2.302278910974564496e-02 1.406330700479884399e+00 -6.755688895773346303e-01 -2.020488203200329735e+00 7.119219059632087010e-01 2.308965226437067031e+00 1.994080149486762821e+00 4.983607220449812303e+00 -1.483537876483751461e+00 -3.127911790943471715e-02 4.737590222591279598e+00 5.472709250446314400e+00 2.744282030851536547e+00 -5.191276603363803588e-02
3.138831893116730498e+00 -2.220623517788590107e+01 1.655429832608206198e+00 9.299201604339032201e+00 -1.681992913317117200e+00 -2.723422225590184098e+00 3.734023325399903115e+00 2.509331998422567267e+00 -2.153496170584730862e+00 1.748750022586136765e+00 7.704414706504394417e-01 -2.032923107933129359e+00 3.650767903200176079e-01 -1.500818872646959790e+00 -1.198184390398637333e+00 3.369507902995792392e+00 3.803627393658643996e+00 2.918810958484755247e+00 4.496509203439018165e+00 3.061807454268091533e+00 -4.714414510835922556e-01 -4.502520506493965513e+00
1.266338427847585990e+00 -8.373394631245901110e+00 6.854337363072772860e+00 1.600661583029705071e+01 -3.310163400892633945e-01 -2.712463795262010535e+00 5.294543057671035058e-01 -1.488017249339463888e-01 -5.726837500052170071e+00 -4.494555200538343342e+00 -1.524903459877350542e+00 -2.801257829130918253e+00 -5.421095713040813280e+00 -4.690395019617426442e+00 -2.245501930266073032e+00 4.764596717288441141e+00 3.032982470572278544e+00 -2.025502759857772617e+00 2.376080818655282201e+00 -1.168943171542196069e-01 -3.529320380271201429e+00 -6.600355747714274912e+00
2.886377466251360602e+00 6.825039024742181937e+00 1.801748498869073956e+01 2.212960833237320912e+01 -7.965019095672687399e+00 -1.413420328399388382e+01 -1.582652410671380494e+01 -1.570225161591770302e+01 -1.958938984866108513e+01 -1.972803747012130771e+01 -1.353994246561251202e+01 -4.608968862926303700e+00 -1.529547207138421072e+00 -5.934166927526348445e+00 4.715622570173763961e+00 -6.742641122038548929e+00 -4.780855261561555380e+00 -4.195214865825619199e+00 3.632239804886012280e+00 7.616682038642466068e-01 -2.875436593601989443e+00 -6.077128432636527577e+00
