-1.030581277134660922e+01 -1.840046273687221401e+00 -8.556519694743656146e+00 -8.231221556038690323e+00 -1.489486529148052796e+00 -6.251786534958228003e+00 -3.305083685491808865e+00 2.370929534898095881e+00 3.813823338273323316e+00 1.799340978291184001e+00 6.534855321277063922e+00 4.882907346484898881e+00 1.579317908029224782e+00 1.245816964552614081e+01 1.148806739070005278e+01 1.149855662640402443e+01 8.810350278909027111e-01 7.567917294064500311e+00 6.940776510385148867e+00 2.048225584796637122e+01 3.230589563347075455e+01 2.799173166275068070e+01
-1.452351972197902796e+00 -3.313645062287832843e+00 1.118797720068596391e+01 -2.298749389176009572e+00 -4.946178441326992470e+00 2.268813451792993874e+00 3.568073794534939225e+00 -8.574673188824817771e+00 -2.733586587427453196e+00 1.849667471185966861e+00 2.768739979083875369e+00 5.243960510128090391e+00 -2.327491761352575850e-01 2.377028837793659477e+00 1.567160940494431998e-01 4.942316750406462234e+00 8.894363810459253727e-01 2.508840592406158976e+00 1.174341931074468448e+01 3.045316155108139355e+01 3.034743431921106094e+01 2.900152442425041954e+01
1.371065997053210594e+01 5.993126868641411420e+00 3.041509776911880181e+00 8.905982980522821890e+00 7.639379374290001579e+00 2.785796265980025055e+00 -2.834905895319934643e+00 -7.967692971237738675e+00 -1.240901592381942464e+01 -6.784363474468591448e+00 -4.797212160381604917e+00 -9.220148099682774046e+00 -1.293137162327911938e+01 -1.019765695207752287e+00 5.969015448928075784e+00 7.229665429713350022e-02 -1.279236677755761775e+00 -9.624620214660353668e+00 1.314087993228622508e+01 1.863156719806011097e+01 2.371251125737853727e+01 2.665763413517925073e+01
-3.091423685094923712e+00 -2.339324015358215547e+00 -1.674514497060044960e+00 -1.340303772641163960e+00 9.195915357759076869e-02 -2.017253964918381826e+00 1.797935136366504594e+00 7.196666734284917766e+00 -3.964032164344644116e+00 8.254563014061204740e-01 -3.098357799322002393e+00 3.589946748665170162e+00 -3.004706396916844824e+00 1.492364219986302487e+01 8.986852589556292514e+00 -6.247883254829503130e+00 -9.623137819266048609e+00 1.709857008010385471e+01 -8.828355966322305903e+00 2.232845183030804037e+00 1.872321014077715517e+01 3.150979804464805056e+01
1.535798382681969088e+01 -3.862562070473359199e+00 3.670845269025448943e-01 2.096003335386740218e+00 -3.507539214518146764e+00 -2.875790201609561336e+00 -2.437572124188591260e+00 -1.488871980691328645e-01 3.803251616351190023e+00 3.780795700105045398e+00 4.098550133807293605e+00 4.104219033282788587e+00 5.508215409703552723e+00 8.915640182816787274e+00 -1.598649835749711201e+00 -9.830676097976720484e+00 4.326466776143206516e+00 7.600368820088078792e+00 -2.078321819834854978e+00 -1.095338088122662157e+01 1.398917995334340958e+01 1.592066654211521382e-01
-7.986185576753996429e+00 -3.920592304964884534e+00 8.839540562958063674e-01 3.342320600155289867e+00 -1.152291869094369758e+00 -4.244074933084448276e+00 -2.518266020611918066e+00 -2.397050227564250235e-01 3.156345302374575112e+00 4.699512481520287110e-01 -6.185380862060810614e+00 1.148656756864511408e+00 4.817934373056232289e+00 8.321458856456047215e+00 1.250393154175253585e+01 -5.891490272244482185e+00 3.064836590422601148e+00 7.628871294094096811e+00 1.695772311039036140e+00 2.446649661138508236e+00 5.064409579726998345e-01 5.238305197844965733e-01
4.963148875167462393e-01 -4.089309373657670221e+00 7.000232295577006880e-01 -2.213436650908988668e-01 -2.170417384559186758e-01 1.847240108645564760e-01 3.286769608857866842e-01 -1.646113743357091153e+00 2.660908702968299622e+00 6.452243481862751651e-01 -5.145240079568793590e+00 2.504063816229972872e+00 -3.221223349449246598e+00 -4.032010743025239208e+00 -3.029126740856554534e+00 -1.301711629664987413e+01 3.566536216282656824e+00 -4.288745050171201001e-01 1.628609582660465094e+01 -2.806911161097559670e+00 1.818790083792191581e+01 3.300718206311739777e+01
-6.733610740176118270e+00 8.070476905713803717e-01 -1.051892424762627343e+00 -1.901171425652137259e-02 -1.584356788798686466e-01 -4.266571616509281739e+00 -1.189844008875297732e+00 -3.923076819446578156e-01 2.545590882518808939e-01 -1.674679306688631186e+00 -1.091551001190964598e+00 2.720753412368139834e-01 -8.851123050042588147e+00 -7.371616267090757901e+00 -6.973060314703616314e+00 -1.125209463921964925e+01 -1.838992670091101900e-01 6.728872182884515496e-01 7.391378812108087004e-01 -1.387481466202461888e+01 7.291882500443534809e+00 2.335280327337932249e+01
-3.041446449782597483e+00 9.597117914645423298e-01 -6.377709897751628887e-01 -5.006076260988265858e-01 2.135767486944132543e+00 -3.338967648383913911e+00 -1.226091239714151016e+00 -6.931374104105998413e-01 7.070973660484014545e-01 4.277067061584602925e-01 7.011894546321855159e-01 5.655047881318751024e-01 5.448275908765936038e-01 -4.241857920533220749e+00 -3.166084543854594813e-01 2.164341290426818887e-02 -6.516954071613326960e+00 7.210996493681705033e+00 -1.502875908690202778e+01 -1.865376658975037572e+01 1.397051877153899113e+00 1.704201721172830730e+01
-4.610480251139961183e+00 -6.130174443816940766e+00 -1.056345289571618196e+01 -7.436373866604299110e+00 -4.346633226400626882e+00 -1.655626380488683935e-01 4.624998049621353857e-01 7.628144098744087387e-01 -1.084739660471313982e+00 -5.983744244631452602e-01 -1.006224346953786153e+00 -1.564401385030578240e+00 -2.840409896493838460e+00 -4.627979440556373447e-01 -7.593715012890243088e-01 -8.843109927120167413e+00 -4.832148649074952118e-02 5.039699231061604223e+00 1.256839460074661474e+01 -1.148179300405627146e+01 6.142423933242753264e+00 1.922102317302869778e+01
8.611959493746326189e-01 -2.769408629055760684e+00 -5.162010663776527508e+00 -2.365673834168774192e+00 -1.376504614737314114e+00 -1.273827833686482336e+00 4.367153757584674167e-01 2.455962355486008164e+00 1.333759384237055201e+00 -4.360902322832771461e-01 -8.074968222672396223e-01 -6.240742417858200497e-01 -7.508854752756633388e+00 1.356611768786024186e+00 -3.870565943228029937e+00 -1.453749305716883100e+00 4.092375624022679403e-01 4.724075350005477958e+00 -6.142137461332822568e+00 1.559784644276078325e+00 5.191252890419491450e+00 -7.493318860515501001e-01
-8.856908286271391262e+00 -2.616325783972570207e+00 -4.779628644882905064e-01 2.073137244424287928e-01 -2.543125167735524883e+00 -8.972720604015194112e-02 1.256232325130440586e+00 -4.628459733990894165e+00 -6.105937733719656535e+00 -6.767964428836421575e-01 3.233967124685477756e+00 6.822606905545399059e+00 -1.682591586619309965e+00 6.728858349493748392e+00 9.411887824799123337e+00 1.464233585288639006e+00 9.376348441275695222e+00 2.223199338919584989e+00 -2.469038244503462920e+01 -6.666217558543394262e+00 9.998680859782325570e+00 2.110041906411424861e+01
-3.315948396078510996e+01 -1.976643616538240167e+01 -6.167471241451494279e-01 -4.144160148970513546e+00 -2.449370104342051491e+00 -1.293850459660461638e-01 7.442678526058443822e-01 -3.727519458127972030e+00 -8.746976228313542379e+00 -5.787790837603097316e-01 -2.163527481076926051e+00 7.565732741099964187e+00 1.019346228482390870e+00 -1.518932807167402643e+00 1.087695179531692702e+01 -5.888455879141474725e+00 5.153070936405129032e+00 8.751574964818246372e+00 5.552889961798427976e+00 -4.767673640735665685e-01 1.703984236786163819e+01 3.089858582705346635e+00
-2.176469828228619008e+00 4.998674984963145107e-01 -2.447203121205620846e+01 -1.918869785286005936e-01 -1.742031007625882921e+00 -5.600208980531533598e-01 -9.072849640433560126e-01 3.245501784237603715e+00 -1.427885311185491446e+00 -5.602498995949645177e+00 -3.427781183774641249e+00 4.270741043594171060e+00 4.096972429124434711e-02 -9.024633519193230313e-01 1.683493453866503842e+00 2.333313739440200152e+00 3.695668782055690826e+00 1.281417498239989072e+01 2.851849521578515123e+00 -5.172158204085462785e+00 -1.701753770914820052e+01 -1.394231749256596231e+01
-9.599408057626533264e+00 4.872546873056307959e+00 -3.523377795897886244e+01 7.976956216916732956e-01 -3.074221007864252897e-01 3.782240649597952142e-01 -1.740155743346804229e+00 2.283892877001562738e+00 -1.726420413216146699e+00 -4.674843646388580964e+00 2.981649065465717285e+00 2.870575406905118143e+00 3.781887318086774030e+00 -7.032233785449534480e+00 -1.006097034541380708e+01 1.324765402706361783e+00 -1.719713189500816952e+01 -3.233379466579208383e+01 -7.216693346063948411e+00 1.321947772857129166e+00 -4.069661323547734355e+00 7.760399143863651261e+00
1.329528019902500091e+01 6.098401880281016929e-01 -1.256667476175880438e+01 -2.303548323123595765e+01 -8.284498389393775142e-01 -8.893338799898629077e-01 -9.299508164843246050e+00 -8.803383160236990079e+00 -1.477555547737938468e+01 6.888664073012478184e-01 -5.596513355546449020e+00 2.017948037009773543e+00 2.290237004349364724e+00 9.606657445892778924e-01 -4.290930114094408054e+00 1.184956736700860347e+01 -1.743996004524888122e-01 1.972000074856623542e-01 -1.027840060426387936e+01 4.001673400034633232e-02 2.539621205148887384e+01 3.153130635615889332e+01
3.346525491968350252e+00 1.261785498230347002e+01 -8.379437106468685670e-01 -2.361465051758568734e+01 -1.877773007506220893e+00 -5.596976016605367477e+00 -1.365546156606524164e+01 -4.837230509481742047e+00 -4.436559437795949634e+00 4.487345177977658750e+00 -5.608962963771773502e+00 -2.695951369446447643e+00 -5.310469821870356100e-01 -4.992948777189667453e-01 -3.352477526505026617e-01 2.151249135711623239e+00 1.988049881564529642e+01 -6.050949162081451504e-01 9.180449540517656715e-01 2.322936158474476542e+00 -1.369190285622789816e+01 -8.451374428119379445e+00
-6.569895807287139178e+00 -3.530398522445921117e+01 -2.539415081414608721e+01 -6.539959848205398885e-01 -4.060195948662112642e+00 -4.537929296238871757e+00 2.288626025702797051e+00 -3.500605796756644850e+00 1.778768347994628130e-01 -5.509039319103976595e-01 -1.580261074974896474e+01 -2.383854103181874962e+00 4.037181419234002533e+00 -8.029151904820537311e-01 -1.298411418702016817e+00 1.359036081691556319e+00 5.626929790219037386e+00 -1.243007277077504114e+01 -1.394526096223034983e+01 -2.139922233117067663e+01 -4.191191987882120884e+00 3.733563359272011439e+00
-1.402010845998847799e+01 -9.327034163430653280e+00 -2.390447524111550592e+00 -4.128138747269076703e+00 -3.031702440750450478e+00 -4.844854232754187251e+00 3.714939603476523189e+00 -5.364087451443992904e-01 -6.098213951786419784e+00 5.659753910139443178e+00 -1.490586848647490115e+01 3.038469514826829254e+00 3.561462807564566901e+00 -2.024747007265432330e+00 9.191856286315669422e-01 -1.330517584618974070e+00 4.868306756570746074e+00 5.038514486176609353e+00 9.008525864410330541e-01 8.968745319084518997e+00 4.033939467831260117e+00 6.207283059367910028e+00
-1.269430933952025953e+01 -8.551125162147400260e+00 -1.542123394931968505e+01 4.106484402707792469e+00 -1.368232252545567462e+00 3.573886685738216329e+00 -1.106981996275862912e+00 -1.107994018916542700e+00 -2.949514533156616380e+00 -7.252362627535148931e+00 -1.780775565032854502e+00 2.868750926268148760e+00 1.405741375590878306e+00 -1.507914254790193809e+00 2.076048881110182265e+00 -2.604979523248402984e-01 3.117735261112102307e-01 -2.431257883654325269e-01 1.466303293500459404e-01 2.251145055852248333e-01 5.158221989036974264e+00 1.107891335234489816e+01
-1.540668485709829838e+01 5.404512300397072977e+00 -2.205291052526081330e+01 3.550067403967659629e+00 -2.041069900070397125e+00 4.133833435844280757e-04 -4.368899799467726552e+00 2.750779527798840718e+00 -1.744507097456335032e+00 -2.331150703721505124e-01 -4.458618060198205058e-02 -1.868812268480724015e+00 -8.850237956075943657e-01 -1.723884346483828267e-02 1.786235782101357472e-01 -2.418213239269789483e+00 -4.196598486481889267e+00 2.362630664356402121e-01 6.782219525921391323e-01 -4.501792746614228236e-01 4.383886571189577808e+00 2.636904450299607561e+01
-7.816558205608998833e+00 1.539569928395576426e+01 7.184948712369077839e+00 -4.230226357643914525e+00 -4.735232195532262267e+00 -1.238957420375299989e+00 -1.066406762927545060e+01 2.884554485070111696e+00 -6.554323683792972588e+00 9.203347622869841871e-01 7.899699875642909319e-01 1.128254792323787115e+00 -2.559148127802473027e-01 -1.032963484576612245e+00 1.030962562790591619e+00 1.051438728970879311e+01 -6.454962730522311176e+00 -6.686927566061058315e-01 -7.054751964460592717e-03 -2.174195010612493206e+00 5.703681031545784208e-01 2.013405422720734350e+01
-1.109073305430865730e+01 1.649176493202503480e+00 -7.662108224189069006e+00 -7.326002802116818202e+00 2.096526450395685970e+00 3.885690014431020245e-01 -6.961979232492012670e-01 5.071030295454875159e+00 -2.730638770302903140e+00 2.921111312883112987e+00 1.303276281185389962e+00 2.121719151800789405e+00 -3.163768081712987623e-01 4.409166539739089785e+00 1.548166729567128641e+00 6.334042295598919736e+00 6.999332429638343456e+00 4.617528462949849200e-02 -2.276715450190749834e+00 -2.931506796672692872e+00 -3.146530460941903584e+00 -1.478410817818257783e+00
-1.922843690484751278e+01 -2.192988037299983262e+00 -1.244327139221513789e+01 4.480498666393032181e+00 4.072206283301966323e+00 -7.472595400422505918e+00 -3.374293058284820290e+00 2.427399831551156240e+00 -1.869704688860110764e+00 -2.038014241344171751e+00 6.163946708966250299e-02 -9.932806674896710319e-02 -3.836896018361585448e+00 4.466094168429663114e+00 -1.390514441488448938e+00 -3.243501758076490660e+00 -9.041946954293962335e-01 5.377123842840774159e+00 1.301011593195016758e+01 2.147924751725440728e-01 3.831241393982054433e-02 6.330065782967722043e-01
3.057173590337606583e+01 -1.355694238661817508e+01 -5.960949078305930016e+00 1.424190458009434224e+00 4.626950568748725345e+00 -9.406097002384740335e+00 -3.919089538168918807e+00 3.300228541447722819e+00 2.153184860371766263e-01 9.518289755869773217e-01 -8.750367348884537932e-01 -2.014629248326855304e+00 6.821054506872314960e-03 3.608831812307471409e+00 8.006684137562842807e-01 7.538479375103634084e+00 7.006850840789411450e-01 2.575692247723964101e+00 7.279354576535297383e+00 4.435405083733712672e+00 3.908746539063031378e+00 -6.850578980324826261e+00
-7.559976599150104448e-01 -2.130495300120128377e+01 4.827846619742558687e+00 3.393392065953776182e+00 -3.420020090544312552e+00 -4.430875281973385427e+00 2.460960293326934334e+00 -4.636390560313884635e+00 1.617547442647264688e-01 -1.553985787641067873e-01 2.317320272804863635e-01 -1.661204673937390908e+00 2.759284514895625762e-01 2.043237110940026469e+00 -2.490037780923557875e+00 -5.543437234118755441e-01 1.389143969814540469e+00 3.133504037395141495e+00 -2.030102865765911702e+00 -3.962978737877165258e+00 -6.101479705211204418e+00 -7.134315083522778878e+00
-2.532936315957158513e+00 -8.145586300614922948e+00 -1.451292195106361760e-01 7.835921398587743170e+00 -1.437157801344255859e+00 -4.882438973504577007e+00 -8.540111056197019934e+00 -1.086533404766942112e+01 -6.502061777246126439e-01 -1.118347874730716285e+00 -1.630256734864815371e+00 -2.764933478274542722e+00 -3.019299152849271195e+00 5.611042162081503193e-01 1.518692080669097777e+00 2.914654617443375173e+00 3.486726485833969491e+00 -3.787427127372211544e-02 1.054854858445651189e+00 -2.412942726780784142e+00 -5.183890879500722804e+00 -6.751258192583009077e+00
-9.587607393596044858e-01 8.271806524528074078e+00 4.785941199654189404e+00 1.010746424568151269e+01 1.017709160156937287e+01 6.838564408521961013e+00 -1.260773582125966641e+01 -1.258437498013881850e+01 -3.426321278311661445e-01 -1.926986821790706017e+00 -3.333449180067873385e+00 -4.718669460495220846e+00 1.800274321103643160e-01 4.998906997689118725e-01 7.917928405477141496e+00 -5.068345753265930398e+00 -3.784475704226679227e+00 -7.355111617480361019e-01 3.966375422333840106e+00 -7.190534548417417682e-01 -4.596305154164838314e+00 -6.974207603214381379e+00
