4.545083590134709084e+00 7.230548453881056048e+00 8.108808155823680863e+00 -7.085495329156401567e-01 -3.526124414256628370e-01 -1.777021300604246790e-01 1.188266617915360257e+00 6.415456307513522916e-02 1.461753357857560331e+00 9.622335865374225250e+00 1.090885143919695111e+01 1.261349049554974044e+01 1.540081696811012080e+01 3.410900637328268203e+00 6.098799965666330536e-01 6.672410415112608462e-01 2.660651440826768521e+00 3.612541250093272538e+00 6.106804493081654073e+00 -2.916926725903977058e+00 -1.870802038588408323e+00 -6.084661401964694960e-01
4.950923796506685903e+00 1.333967800051959784e+01 3.661947822203728720e+00 4.196815823706856463e-02 7.717239883659203770e-01 -1.729425291878214921e-01 1.475768238697128254e-01 -9.696188881725902320e-01 -3.106929850075175636e+00 -6.450948384144794545e-01 3.327732962204208889e+00 -1.171630852004454937e-01 1.571529814396853908e+00 2.338330879039858701e+00 3.663649730988254305e-01 2.043933267080319638e+00 7.869565724240601412e-01 -1.101176827951348969e-01 -4.103924774758525018e+00 -3.634409801642505045e+00 -2.141815323718219588e+00 -3.184283465534463176e-01
-2.852537450271483976e-01 1.052194703763052530e+01 4.537463882667907455e+00 2.820937046644758084e-01 2.386000880916071765e+00 2.256367904531543900e+00 1.562560467971707112e+00 -6.056512175746320281e-02 -4.449934016868610342e+00 -3.896130249955604086e+00 -3.727116960085368191e+00 -1.864139684302244859e+00 -4.374437674818182131e+00 -4.443699646601089626e+00 -3.492425797928262909e+00 -1.442686961067010998e+00 -3.126047883954925055e+00 -1.015501665830015554e+00 -4.282529322829759622e+00 -3.392482774051131855e+00 -1.197963670635544986e+00 7.083758361095533473e-01
8.797860400275567372e+00 9.715411332032999780e+00 4.689099438759512850e+00 -6.660399478259932948e-01 3.477587082743411884e-01 -7.912366159007433453e-01 -4.227293203653061937e+00 -8.707054689239157597e-01 -2.502542955928220181e+00 -5.883562572714254202e+00 -3.320113803170897882e+00 -4.783200516701072047e+00 -5.133103065302748291e+00 -3.363573502531835402e+00 -7.916961179379541136e+00 -4.362873249861877412e+00 -3.390985083751729690e+00 -4.509503191357907781e+00 -4.308682607092123362e+00 -1.024212802945839940e+00 -2.843559533613188250e+00 -5.492366514333298255e+00
-1.063407235695376585e+01 3.898390030176415166e+00 -6.768934171095679631e-01 -2.062183244710467989e+00 -2.492090205221757060e+00 -4.560273187481470814e+00 -3.418711284069104295e+00 1.972817318011948373e+00 -2.290034775879576046e+00 -3.389413419518859882e+00 -3.694734201450046385e+00 -1.479054663094757416e+00 1.902608735100329795e+00 6.364687931535627285e+00 5.941895113346618018e-01 -4.396572854939222452e-01 5.829430402083744411e+00 -2.297865007744803734e+00 1.938001053722473443e-01 -2.472084253923640063e+00 -2.063958257682315889e+00 2.791601437913504924e+01
8.246842608210499748e+00 3.227637525204045232e+00 -2.834049854979639349e+00 -5.564089882736880099e-01 -1.338097530231607379e+00 -1.359905550704752386e+00 -1.473115876111478428e+00 2.295681177752157964e+00 5.633721815229364438e-01 -4.243154650239375769e-01 -2.614953771753789624e-01 -1.395969840958059649e+00 1.220003828275366686e+00 2.384681482724772650e+00 -6.638343356592486089e+00 -2.586336381733417511e+00 5.146250922657600313e+00 2.886335672189488832e+00 -2.639457075563768740e+00 6.591753186351525073e+00 1.067058459473992116e+01 3.038698465804918669e+01
7.625219333442146308e+00 2.115659491793849156e+00 -2.050331657555943821e-01 3.216791334582921991e+00 2.637930603379572858e+00 5.045444944653354469e-01 -1.121010646254035237e+00 2.685846825723274378e+00 7.024768272876826813e-01 2.031111959558984381e-01 1.521098586510561290e+00 1.225171579881134676e-02 5.252261487166833831e-01 9.097771504857519176e-01 8.657577386366028804e-01 7.879046139564707119e+00 -1.113819939100176271e+01 2.371442599301190057e+00 8.742969945838922285e+00 -2.727135389131944976e+00 7.320428429266030435e+00 1.512239534557920706e+01
1.224579578282191505e+01 -8.103856390025612200e-01 1.586105787739143125e+00 3.613863971655518981e+00 3.773061938908540469e+00 2.702638584295527835e+00 1.473715184634784237e+00 5.780922529575036606e-01 4.500469129716293537e-01 4.254104407691556844e-01 -2.016039998123233090e+00 -2.393317561655749159e+00 2.525001809396599128e+00 -2.897349832905092626e+00 -1.114083993331405509e+00 -1.191765498011591262e+00 -8.267281160525271844e+00 -4.796612298743639258e+00 -4.940103958249892457e+00 1.274357907013836666e-01 8.787250586819936871e+00 2.494202262183807761e+01
1.430999980081196554e+01 6.726767770563128579e+00 4.722767901355837239e+00 3.962578003967792029e+00 1.538945446754041768e+00 2.579958629618886334e+00 1.618809958797100990e+00 4.595399111685765092e-01 -8.027838852985951235e-01 -6.057490503171720775e-01 -2.064125273425815976e+00 1.398448613319487777e+00 -3.107234138333296869e-01 1.094698553027228627e+00 6.544709108757160720e-01 -3.604439094406188815e+00 -4.170958028399581963e+00 7.880836797321535414e-01 1.690285809090710245e-01 -2.001879800557617273e+00 3.577934620058840665e+00 2.708329302349102363e+01
1.276991462719433912e+01 1.595866977788136865e+01 4.858440764647639298e+00 3.178308264666156902e+00 1.837584655108003062e+00 -8.665001616745939828e-01 2.712037503884857870e+00 1.296739615391743428e+00 2.407318685845893924e-01 -1.914578733869348071e+00 -8.818281800577096874e-01 -2.846923710172632127e+00 -4.008447240446002979e+00 -5.725686428413609974e-01 -3.126088321562747296e+00 -3.008100063707388472e+00 -4.288208659014344448e+00 2.161371772774145938e+00 -2.863904051624558633e+00 6.914768089682183927e-01 7.720814875857286097e+00 3.878849570301008498e+01
5.438264638794862549e+00 1.205413343700456608e+01 1.084596358624457935e+01 7.851355770410009427e+00 8.206256640414721915e-01 -4.627972873731778236e-02 1.431502586286114820e+00 9.091718477593531134e-01 -2.374490970300030313e+00 -1.713528800133644836e+00 2.402500509206220158e-01 -1.885336097460822202e+00 8.757886894454713911e-02 2.341328688044086448e-01 -1.775960612635572033e+00 -1.997990498689159722e+01 -1.307865591447261977e+01 -9.820635587402648525e-01 -1.196937807161702949e+00 -2.378694023594107421e+00 6.812471981389535358e+00 6.202689239280607580e+01
2.676766303879048792e+00 2.379206624961625494e+00 1.730543537310950342e+00 4.753883918704559619e+00 1.995439934339628962e+00 1.264644154443885782e-01 3.107918558253004448e-01 2.475716302216824261e+00 3.453377244664807222e+00 -2.898274004704944673e+00 2.479372770177178609e+00 -1.318019259427273937e+00 2.448378516629418300e+00 -2.202311966207162186e+00 -5.344297748436474649e+00 -3.066853207971962547e+01 -1.407212904959123989e+00 1.731859790278576838e+00 -8.205683366812081658e+00 -2.514554958022017672e+00 4.607940745271662308e+00 2.917459584542575612e+01
6.590443515022343490e+00 -4.923511365183912858e+00 -1.102900303026217443e+01 3.509631927481677849e-01 1.582009045969243743e+00 1.107765508034390223e+00 9.609487215220724465e-01 6.889006259695634071e+00 3.986335680915544799e+00 -3.226346590433422534e+00 2.744669299578163191e+00 -4.096122502791331499e+00 -9.996972237737281830e+00 -4.283328381240607996e+00 -5.229832420357524825e+00 2.639916042143340746e+00 -2.172239425111911260e+00 -8.603315885393385543e-01 -3.623747395065038290e+00 -5.996016914183201152e+00 -6.676955472787994950e+00 -5.119847459518496180e+00
5.166807106434134766e-02 7.240351726208245964e+00 1.023115329679239949e+01 -1.057863824624200788e+01 -1.282971583860671672e+00 1.066882087170597515e+00 2.266820117341922014e+00 2.749213486556072894e+00 4.404179703947193047e+00 7.774132551312504802e-01 5.254523979874647921e-02 1.816734522907609062e+00 -3.112254156421840889e-01 -4.031517996979346208e+00 -8.174349049968441250e+00 -3.577518097620668414e+00 3.665237774488559808e+00 -1.501999569573854387e+00 1.940848356580318068e-01 -2.461371047880675178e+00 -3.554858214697560470e+00 1.524401977786146745e+01
1.360545413146792271e+01 1.067972631939210260e+01 1.385539502028404968e+01 -1.571503040542847884e+01 -6.892789966557756998e+00 -1.002334807694751362e+00 -1.132581169877994398e+00 -2.306049502871246659e+00 3.216595388948917389e-01 -1.641737979573917983e+00 1.854269131636101520e-01 2.483953339979962038e+00 1.638474165721163445e+00 6.320808358344947919e+00 3.261880244000167295e+00 -3.278536372640701302e+00 -4.871608976918651024e-02 1.508335193515449646e+00 -3.382124890015802521e+00 -3.307884185304828861e+00 -4.117121918301563710e+00 6.338861548750173824e+00
6.002104155217239168e+00 1.800134638463896408e+01 3.252107294000779802e+01 2.790764287559795775e+00 -1.049184670455724699e+01 -4.628053195013308141e+00 -2.172344006123239524e+00 -3.745084865870012436e+00 1.392423561120267550e+00 -1.617960133944507106e-01 8.907192760570978862e-01 2.455141671385717927e+00 2.987963091263736715e+00 -5.534204134073661407e-01 -1.094440274666339974e+00 4.782145863940968411e+00 4.179142722710821545e+00 -3.990442787995561957e+00 1.033817241695851408e+01 7.240244694120519853e+00 -1.073107981486555218e+01 3.673815794800248113e+00
9.862202055116540578e+00 1.161922718737423565e+01 2.869326102528975753e+01 1.628297205355829647e+01 -6.991423645063150616e+00 -7.416670317653370148e+00 -5.205350485714006936e+00 -3.683058749610609084e+00 4.958330058470892254e-01 7.656558208464048221e-01 -4.493332405385444872e+00 1.794488143276794290e+00 -2.501209888760058675e-01 -1.184850496538274456e-01 -4.333542757224677189e+00 1.837076847203206853e+00 -4.439466013300261693e-01 5.534346572758295224e-01 1.129799262040251051e+01 -5.079835903144157783e+00 -1.143850786955226795e+01 -6.149986263226310257e-01
9.277018484550353605e+00 1.034840935431293474e+01 2.121764926191917766e+01 -1.209050903078605188e+00 -2.352448925378666900e+00 -7.986354789954930311e+00 -8.650439962364544044e+00 -2.088126072030718205e-01 4.215760481477445865e+00 7.394990493580735347e+00 3.269929823071834107e+00 -1.848887737093718897e+00 -1.832941299229787546e+00 -1.651038962669190369e+00 -2.508800383293419145e+00 -3.960253572924557375e+00 -8.086232003221084597e+00 -7.455341827881056815e-01 9.113200962586233800e+00 2.491990246202931303e+01 -4.698237167499428324e+00 3.849575093872772413e-01
-7.404963388698888593e-01 2.313010834932356374e-01 7.573205154250899795e+00 5.359114411889095209e+00 -6.570922824862464040e+00 -5.421154546606885560e+00 -1.976440833294873300e+00 1.030552477071978501e+00 2.756674462225419120e-01 -5.115177645457151812e-01 8.559470362868523807e+00 1.472717715818362194e+00 2.286011356675771822e+00 1.542030894054732926e+00 1.262440533610060811e-01 6.052805736789196089e+00 4.526216211911560094e+00 -8.157777469232314616e-01 2.352259321266501502e+00 1.820015173563660937e+00 4.970170088785380358e+00 6.921890063681530592e+00
-2.417639842690732621e+00 2.832170144799420086e+00 2.166633995669963042e+01 -6.229894121182041999e+00 -6.710988365213779616e+00 -3.681044927048787940e+00 2.701036444591409236e+00 -2.002641849740030011e-01 -6.985359685322691803e-01 6.329334214760820032e-01 -1.221838485942498664e+00 1.221253297600014776e+00 1.457517013598589983e+00 1.070590273048765084e+00 1.884415928629096015e+00 -2.036044187252628035e+00 -1.079114933138953347e+00 3.479647388672674424e+00 4.279643890666193329e+00 1.042615159309298178e+01 5.738129495548491832e+00 8.846479810381424613e+00
1.118792522348667262e+01 2.000927641911766841e+01 6.374116046508788713e+00 -7.895749138827341085e+00 -2.139856857449558447e+00 2.447682460998294118e+00 1.582114265202108072e+00 1.230993171767295280e+00 -2.486391305064898916e-01 -2.367966628044996469e+00 -7.637994378819712438e-02 -2.619154872099898057e-01 2.156023796169392881e-01 -1.077067427354450047e+00 3.267206469899974763e+00 -6.281091035834833747e-01 -5.243825550269320956e-01 -3.466310909088861081e-01 1.217955961938059772e+00 2.079503607885271776e+00 7.894521762271324405e+00 8.491510626754461555e-02
4.643456854652868060e+00 1.778709439866543107e+01 -1.526054978563479381e+00 3.216388925649880548e+00 9.194530035265415790e+00 -3.169696252834910410e-01 2.003491534725071688e+00 -3.394279649167401658e+00 5.204920928517822176e-01 -7.603440403336207964e-01 1.394919181921068230e-01 -6.569176099756077747e-01 2.179260514542875171e+00 -8.655516277494825772e-01 2.577626128058000177e+00 1.939344927234742499e+00 2.152899055767193204e+00 1.012192715803394094e+00 2.944485885992435215e+00 4.334891601297385932e+00 4.439340483789237624e+00 -8.711039676008113020e+00
7.908573344417163753e+00 2.405636652152679744e+00 7.273337655165960314e+00 -8.188055175360204885e-01 9.226038333344149578e+00 2.950756735244794982e-01 -8.469926648576802108e-01 -8.695972932737277006e-01 1.721677532083958795e+00 -1.860625642466402496e-01 2.812046702579209523e+00 -1.324670259340564371e+00 4.092311303993483307e-01 -2.250606325278567965e+00 5.003542400781952892e-01 1.981794251377323235e+00 -5.605075024022880825e-01 6.235208596372103784e-01 5.241570669696557161e+00 5.787807826184689475e+00 2.708721935398898495e+00 7.536016943321556028e+00
-1.086739223359472817e+00 -4.428147937805988477e+00 -2.952072955234143592e+00 -3.594354682768425846e+00 -2.757043145189527422e+00 -2.380007865012885304e+00 -2.157988207999551378e+00 1.690293614228721708e+00 -1.015147706768402713e+00 5.632029737444099737e-02 8.106703721869052970e-01 -5.517458312842791202e-01 2.385396204708740697e-01 -1.610317751717047940e+00 1.933396360879669373e+00 -9.079724844059455791e-01 -4.225764950379016227e-01 -9.464606145156722050e-01 -9.241434365458189859e-01 -3.029937594439616078e+00 -4.598617101786658168e+00 -8.559195798357905005e+00
-7.472260443334562297e+00 -8.863555645487394941e+00 -3.026643149823939893e-01 4.189681990940698597e+00 4.811428355108546384e+00 3.118207996594719589e-01 3.007277152364622452e+00 1.958610289183525310e+00 -2.383412751469222712e-01 4.545017248929070774e-01 1.994678453111191629e-01 -5.858954873474431224e-03 7.051008514563363860e-01 -1.299866585870404379e+00 1.193411735730478540e+00 -2.554872154653821781e+00 -2.184222960562692606e+00 -2.606971365633398818e+00 -2.541764353944017785e+00 1.037304166712601727e+00 -1.164464508211494831e+00 6.798666214291188226e+00
3.894829553031740943e+00 -9.012821766846172977e-01 -3.172416787134352489e+00 5.905809538385256019e+00 1.738027177227195352e+00 1.707453056383201329e+00 1.273063032072968781e+00 7.145722558736451901e+00 -2.315250914849457331e+00 1.904148601350243553e+00 5.387094433699530782e-01 -3.717184339957384509e-01 8.914833883045503171e-02 -3.544055983586986258e+00 1.291853390524920542e+00 3.923851626407667936e+00 2.414483423844103527e+00 -2.146930789103862480e-01 6.526612069204929867e+00 7.024786192145256791e+00 5.630038254127612163e+00 2.631794577028813364e+00
3.799274743804744503e+00 -2.278083306309781619e-01 6.999466582583409036e+00 8.170694431709307537e+00 1.106141461254992464e+00 2.169975178242566471e+00 9.069565361964123440e+00 1.071653232273547474e+01 -5.076631322327557427e+00 -3.376207325807627058e+00 1.053532749874648289e-01 -3.632435085637553129e-02 -2.401796560191542085e+00 -5.251499235825576761e+00 -3.764194010935170809e+00 1.849942099845065968e+00 -4.537440152616909472e-01 -1.987628488584050501e+00 1.321225960209631012e+00 2.296048409626564535e+00 1.654570499229521374e+00 1.509024448687341646e-01
3.845138205610965088e+00 -1.446767499785892142e+00 1.323154378903655015e+01 1.202214408669169643e+01 -1.814211069724206027e+01 -2.097276769251584483e+01 -3.218788285454138531e+00 -3.117876635778884520e+00 -1.924675772082991898e+01 -1.780105064833060169e+01 -1.020649328554463864e+01 1.097005975689171464e-01 -1.709574639248785388e+00 -6.434057627295260318e+00 -3.202305835303377535e+00 -1.674295368772618531e+00 -9.963795573348761536e-01 -3.459703704077583097e+00 -3.341356174478278263e-01 1.480721658705988375e+00 1.720868560562848870e+00 8.970791705778538017e-01
