5.281917644733532143e+03 5.301679363281359656e+03 5.332935675112335048e+03 5.351563479139877927e+03 5.352079679932798172e+03 5.375737421292895306e+03 5.385384659880772233e+03 5.399278819805407693e+03 5.414870241611770325e+03 5.443583244007408211e+03 5.460286022903572302e+03 5.498051723922282690e+03 5.518223429836354626e+03 5.566490913541842019e+03 5.577355577064692625e+03 5.651357558866933687e+03 5.689178728665661765e+03 5.725040624266111990e+03 5.774885636358172633e+03 5.835314607875247020e+03 5.896817223013378680e+03 5.964436165102175437e+03
5.282271436441013066e+03 5.306296326994306582e+03 5.332872130137668137e+03 5.352610617230991011e+03 5.356056092861659636e+03 5.373907066807832962e+03 5.383401854143390665e+03 5.399318900769432730e+03 5.406811660560137170e+03 5.433514646876232291e+03 5.451694289034687245e+03 5.481115946359197551e+03 5.495470723125712539e+03 5.522727133413478441e+03 5.569360151147731813e+03 5.598257986650234670e+03 5.629491191626482760e+03 5.663886716003587935e+03 5.717029310558835277e+03 5.759629754781111842e+03 5.811531905497715343e+03 5.878608560068474617e+03
5.275517384353024681e+03 5.304579408013150896e+03 5.322539050346449585e+03 5.348129832723770960e+03 5.355049501868126754e+03 5.364513882368251871e+03 5.381642270555381401e+03 5.397256755674256055e+03 5.398595077919580945e+03 5.424921170462024747e+03 5.445383688925263414e+03 5.456202755652389897e+03 5.480562312420228409e+03 5.492268697265099036e+03 5.529934154195725569e+03 5.551685150886107294e+03 5.579330680968254455e+03 5.610586219592107227e+03 5.648243669864052208e+03 5.697792363471860881e+03 5.745374284335121047e+03 5.804894119737844449e+03
5.284358068990975880e+03 5.301632525850282036e+03 5.322904596274746837e+03 5.344391168206699149e+03 5.353366100719149472e+03 5.359739033554957132e+03 5.374741579567316876e+03 5.393855639241426616e+03 5.414185200449574040e+03 5.421586112788289029e+03 5.426097388937274445e+03 5.443001911630812174e+03 5.462646587140196061e+03 5.479276316331739508e+03 5.499425353601494862e+03 5.516978442552659544e+03 5.538251833371359680e+03 5.570292198626011668e+03 5.598867384055600269e+03 5.637530023107960005e+03 5.684006875838560518e+03 5.731578827390359947e+03
5.291105602889259899e+03 5.303678284524568880e+03 5.318713489513640525e+03 5.341555969464285226e+03 5.347446696930217513e+03 5.361288630277344055e+03 5.379004025638920211e+03 5.388670028000988168e+03 5.403172310151952843e+03 5.414950886110951615e+03 5.423566343438784315e+03 5.439476338211534312e+03 5.447854454246880778e+03 5.463272747465533030e+03 5.480423591897917504e+03 5.501117325669816637e+03 5.516984190585073520e+03 5.540184110278947628e+03 5.565170036163013719e+03 5.593022383497118426e+03 5.632108438568953716e+03 5.681919282131959335e+03
5.283223462874719189e+03 5.292006973909339649e+03 5.311484513659652293e+03 5.339600302764731168e+03 5.343599966066254638e+03 5.358179295816891681e+03 5.374617697499652422e+03 5.387909918164446935e+03 5.400395384865353662e+03 5.410983861360229639e+03 5.428576631531481326e+03 5.432441109936647990e+03 5.441711276883813298e+03 5.456861438251766231e+03 5.474237960146976548e+03 5.489204777534745517e+03 5.503739197276754567e+03 5.525079698051671585e+03 5.543458318290875468e+03 5.569965195578588464e+03 5.598952762908222212e+03 5.642318908164343156e+03
5.278172397944636032e+03 5.288712109533234980e+03 5.306820653832886819e+03 5.329841729887664769e+03 5.335621264735731529e+03 5.356109997009210929e+03 5.374089393068713434e+03 5.390538700092349245e+03 5.401621674218569751e+03 5.416644438814916612e+03 5.428711376102362010e+03 5.433221158437900158e+03 5.441608979096131407e+03 5.457694868559749011e+03 5.473957401788316020e+03 5.486402140308528942e+03 5.502924230956405154e+03 5.517430858155456008e+03 5.532656634020710044e+03 5.554562347186854822e+03 5.582183674393050751e+03 5.615077809270096623e+03
5.268478633726734188e+03 5.283721642207270634e+03 5.314886668078277580e+03 5.334032103298519360e+03 5.336368378997145555e+03 5.357529563933834652e+03 5.376904473795008016e+03 5.389654178921087805e+03 5.407201284587487862e+03 5.414582599730916627e+03 5.431362069239876291e+03 5.439440218087225730e+03 5.453464113311668370e+03 5.465339266204870910e+03 5.480123274906216466e+03 5.492119602654319351e+03 5.506357447144688194e+03 5.521669014159788276e+03 5.533851125246024822e+03 5.551578828677425918e+03 5.575140554841931589e+03 5.600813950824194762e+03
5.271489201734591916e+03 5.294543506120635357e+03 5.315997339848254342e+03 5.334969171318487497e+03 5.347603964293975878e+03 5.362086012642570495e+03 5.381717515318872756e+03 5.395752142434572306e+03 5.409812937728039287e+03 5.424425856875613135e+03 5.437281170826049674e+03 5.449089054838664197e+03 5.467529944013108434e+03 5.481691687773160083e+03 5.492230993252451299e+03 5.507544909886646565e+03 5.517743964628117283e+03 5.531145651316521253e+03 5.542173958216894789e+03 5.560802091048108196e+03 5.576415504029815565e+03 5.602428816462659597e+03
5.263474680384393650e+03 5.289975104136219670e+03 5.314066126445304690e+03 5.336994533842291276e+03 5.359538633543197648e+03 5.365291051205638723e+03 5.387655767368134548e+03 5.404223161898878971e+03 5.419739512673691934e+03 5.435424425127696850e+03 5.455583615759796885e+03 5.464641317866215104e+03 5.478075498230940866e+03 5.498440656268337079e+03 5.512475191047244152e+03 5.526553669324906878e+03 5.540719847419401958e+03 5.550986177308423066e+03 5.552688724780000484e+03 5.567956051323990323e+03 5.588815289408819808e+03 5.609564682383555009e+03
5.265594563688138805e+03 5.293465624442405897e+03 5.324019957554421126e+03 5.343493814410729101e+03 5.366705525011664577e+03 5.373243831906989726e+03 5.394194247690948032e+03 5.416171360540107344e+03 5.435228715851421839e+03 5.454448581009306508e+03 5.474181193160608927e+03 5.482833630746629751e+03 5.498946119290249953e+03 5.516010275478502990e+03 5.529913347899053406e+03 5.542852551098944787e+03 5.557721377854181810e+03 5.569891813322008602e+03 5.580398028639387121e+03 5.596818095397808975e+03 5.616338984777674341e+03 5.617779016857791248e+03
5.276130417073378339e+03 5.303890484916479181e+03 5.332880309044921887e+03 5.351042672689491155e+03 5.377247381514063818e+03 5.396190550380373679e+03 5.407761649853542622e+03 5.429191154043936876e+03 5.450355193244447037e+03 5.468360666696323278e+03 5.485009468645920606e+03 5.501367166093702508e+03 5.517848454878904704e+03 5.532889355798881297e+03 5.547447910372027764e+03 5.560149037390220656e+03 5.573964399445087111e+03 5.585771529015783017e+03 5.595098710986074366e+03 5.613758339505769982e+03 5.631806626921918905e+03 5.651314779118871229e+03
5.279619832500855409e+03 5.307761763535165301e+03 5.338014217723031834e+03 5.364650731387631822e+03 5.395134778496898434e+03 5.406422987687366913e+03 5.425220690857053341e+03 5.443316580832841282e+03 5.461337251305835707e+03 5.485004081810503521e+03 5.502926319390435310e+03 5.516739820512658298e+03 5.533132145367030716e+03 5.548196911397609256e+03 5.576959443363311038e+03 5.584900748006110007e+03 5.601091265012229997e+03 5.612978615952612017e+03 5.627780658282632430e+03 5.639411009859044498e+03 5.654749098749882251e+03 5.675366638369926477e+03
5.285019895445324437e+03 5.322186450832025002e+03 5.345549191339110621e+03 5.377668695787528122e+03 5.404013624996097860e+03 5.426740491472430222e+03 5.442188161199603201e+03 5.456266196521452912e+03 5.480120015540028362e+03 5.498867867346143612e+03 5.518722342568945351e+03 5.538984804445889495e+03 5.569210769399765923e+03 5.579149041526784458e+03 5.594975817044471114e+03 5.607212868610146870e+03 5.615223867525582136e+03 5.633627195569353717e+03 5.644308559763007906e+03 5.659571568857758393e+03 5.675704655659021228e+03 5.690207015337973644e+03
5.292728871722825716e+03 5.332493761259327584e+03 5.359448587633545685e+03 5.391765858397695411e+03 5.422184929056420515e+03 5.443671801918804704e+03 5.463521716343360822e+03 5.480358196190803937e+03 5.494613569015319626e+03 5.523235214187693600e+03 5.553733098379640978e+03 5.567202211638654262e+03 5.585015360030107331e+03 5.597926035586886428e+03 5.611831210518203079e+03 5.626073494263671819e+03 5.639096018519740028e+03 5.647697535096107458e+03 5.664812590433917649e+03 5.676246653355356102e+03 5.691921595829039688e+03 5.710064798268656887e+03
5.311714869741690563e+03 5.350379141557546973e+03 5.374454006530961124e+03 5.412989516027850186e+03 5.437843704762401103e+03 5.461161502651681076e+03 5.479141905928711822e+03 5.500915347181758079e+03 5.535644930506862693e+03 5.551411772812533854e+03 5.571779140967327294e+03 5.585178358822261544e+03 5.598999515722705837e+03 5.617513778164742689e+03 5.634406140980163400e+03 5.645637867530813310e+03 5.659368673994055825e+03 5.671824417433434974e+03 5.682887719488366201e+03 5.698951068858473263e+03 5.710201272378762951e+03 5.732343191224957991e+03
5.326877837698541043e+03 5.362592983388067296e+03 5.406349843519010392e+03 5.437163894337900274e+03 5.475638628966042234e+03 5.495383736537443838e+03 5.513325454833722688e+03 5.537147656458331767e+03 5.564851095060928856e+03 5.585990092749979340e+03 5.602576379665850254e+03 5.606630551821727749e+03 5.619330674130982516e+03 5.638818726979613530e+03 5.656571374567500243e+03 5.668589864671304895e+03 5.679783005868061991e+03 5.692525943267917683e+03 5.708219044250594379e+03 5.720954486423916023e+03 5.733553901394173408e+03 5.755307071559557698e+03
5.336277200833323150e+03 5.389253249687983043e+03 5.429250848267551191e+03 5.459325954642588840e+03 5.496663274207994618e+03 5.526363142856154809e+03 5.547319577818933794e+03 5.566065408609397309e+03 5.587553528912048932e+03 5.608184179733210840e+03 5.630012735809193146e+03 5.646137649459906243e+03 5.657048662983319446e+03 5.676114668799838000e+03 5.685897387073589925e+03 5.698053691981305747e+03 5.713385388633671937e+03 5.721887547113825349e+03 5.736693431947460340e+03 5.747581496234304723e+03 5.760514960383095058e+03 5.772750356930362614e+03
5.364480558112521976e+03 5.409210089977918869e+03 5.443677560759448170e+03 5.478455373574022815e+03 5.510948173719478291e+03 5.547659366356863757e+03 5.569236327635927410e+03 5.592858225632949143e+03 5.612324014001993419e+03 5.630671274705643555e+03 5.653981674234954880e+03 5.674277510294794411e+03 5.686007799639972291e+03 5.699370710500822497e+03 5.714792666018498494e+03 5.724613298494054106e+03 5.733814499441587031e+03 5.741364039516794946e+03 5.757227927236714095e+03 5.769111543462217924e+03 5.780263781101706627e+03 5.794821139633777420e+03
5.375692223306053165e+03 5.421176068789036435e+03 5.456858908176696787e+03 5.496064738742490590e+03 5.532364136268061884e+03 5.565102465773153199e+03 5.584901090104727700e+03 5.610080877296158178e+03 5.634079341392893184e+03 5.653504564554970784e+03 5.673930423907031582e+03 5.695392516204272397e+03 5.710802092983987677e+03 5.722278071769111193e+03 5.739854642257774685e+03 5.753532864047750991e+03 5.765819785609557584e+03 5.774551743799001997e+03 5.785614105489783469e+03 5.799559797694045301e+03 5.810635453049230819e+03 5.811373212714614965e+03
5.384324967979221583e+03 5.426591523854129264e+03 5.465288383493093534e+03 5.505631188667319293e+03 5.545916885330313562e+03 5.582362266230341447e+03 5.604913963515520663e+03 5.628800439233421457e+03 5.651174230079508561e+03 5.676402221840015955e+03 5.694838829823835113e+03 5.715759796575824112e+03 5.739367206320397599e+03 5.746180665113487521e+03 5.763356790495493442e+03 5.777852822100980120e+03 5.791934400952364740e+03 5.804925058525534041e+03 5.814289205444665640e+03 5.828648414237533871e+03 5.830504116082082874e+03 5.838175216834336425e+03
5.394661478357101259e+03 5.434545701972427196e+03 5.477014166370987368e+03 5.518604254918504921e+03 5.556530941705596888e+03 5.593045951395156408e+03 5.620743041636274938e+03 5.645704086644440395e+03 5.673810730702106412e+03 5.698818070883511609e+03 5.726162707099600993e+03 5.745275794216541726e+03 5.757557084993042736e+03 5.769623859797634395e+03 5.779012098392587177e+03 5.796472571812803835e+03 5.809180622703797781e+03 5.827508527162548489e+03 5.840879935254331940e+03 5.843292562801190797e+03 5.855221423582812349e+03 5.861256011973960995e+03
5.399784641312071471e+03 5.441251088666104806e+03 5.488473459576141067e+03 5.530633768485768087e+03 5.569883302798372824e+03 5.605478421311815509e+03 5.636254027213826703e+03 5.661764301666384199e+03 5.686897794228839302e+03 5.715592483983644343e+03 5.740895657065806517e+03 5.761088257079532923e+03 5.780451702546798515e+03 5.790785656784453749e+03 5.799319612650839190e+03 5.814503071361375078e+03 5.825838827467310693e+03 5.845591402621734233e+03 5.852424280439175163e+03 5.860942952155777675e+03 5.866597950709924589e+03 5.873752808112085404e+03
5.411767980719365369e+03 5.453425496597968959e+03 5.494887329445533396e+03 5.535238888006324487e+03 5.574008502137794494e+03 5.612174417520422139e+03 5.649559259329758788e+03 5.675803617026504071e+03 5.700226028209735887e+03 5.729397206030240341e+03 5.753600000571761484e+03 5.775827051675368239e+03 5.796358051241539215e+03 5.807692999167631569e+03 5.822587799812734374e+03 5.842928342015571616e+03 5.850693845898125801e+03 5.864306364804297118e+03 5.865808642072170187e+03 5.874956411490180471e+03 5.887004375135757073e+03 5.889156729954828734e+03
5.416669468595729995e+03 5.458354921889233083e+03 5.501158475639236713e+03 5.538621828896992156e+03 5.577359543442305949e+03 5.622240778889368812e+03 5.658498652928641604e+03 5.690081600826299109e+03 5.713026288253802704e+03 5.737505294738333760e+03 5.763537223255883873e+03 5.787883107704608847e+03 5.811394554392363716e+03 5.823846329668151157e+03 5.838482730524207000e+03 5.857390712626480308e+03 5.871544848624550468e+03 5.872363741697688056e+03 5.882684713468091104e+03 5.894461846135325686e+03 5.908697989040892026e+03 5.911901127129558517e+03
5.420344752479331873e+03 5.462171984265864012e+03 5.506548078248368256e+03 5.552391062261678599e+03 5.589479240887612832e+03 5.625499643440271029e+03 5.659276387868536403e+03 5.693554571411223151e+03 5.723504712525380455e+03 5.747485996779130801e+03 5.776899123078355842e+03 5.800199282759711423e+03 5.814889944283069781e+03 5.832894157284557878e+03 5.849540466289347023e+03 5.866568771823098359e+03 5.876422627489951992e+03 5.889982083633207367e+03 5.902681557796635389e+03 5.909485113115752029e+03 5.917302889025500917e+03 5.922304126608907609e+03
5.425279833715645509e+03 5.479969661116825591e+03 5.518338862592216174e+03 5.555854935267670953e+03 5.592212883240525116e+03 5.627034212757607747e+03 5.669160356615859200e+03 5.708538136886112625e+03 5.737967114981518534e+03 5.760096482772269155e+03 5.782296979895960249e+03 5.798300987811029700e+03 5.820667994718474802e+03 5.839041322195884277e+03 5.858695917878563705e+03 5.876409375191931758e+03 5.885422519418915726e+03 5.898479881268980535e+03 5.909804593910788753e+03 5.917741050872744381e+03 5.928387175354750070e+03 5.927661850054455499e+03
5.443103431929172075e+03 5.482784572352065879e+03 5.521070152227111976e+03 5.557053380418517918e+03 5.591679241909638222e+03 5.639888804810645524e+03 5.681171050618988374e+03 5.713983447755843372e+03 5.744285632576593343e+03 5.771397019819218258e+03 5.789535569489591580e+03 5.804151221284262647e+03 5.823776045061382320e+03 5.846202781463100109e+03 5.862697233287217387e+03 5.879369329210581782e+03 5.892794703174413371e+03 5.904964725546555201e+03 5.916050719830198432e+03 5.926254662666018703e+03 5.933436782029528331e+03 5.941133580327903474e+03
