5.307806588666806419e+03 5.345039768545733750e+03 5.364247433326518149e+03 5.388491284185271070e+03 5.405542879158962023e+03 5.421698865959189789e+03 5.441471574477258400e+03 5.477872067749234702e+03 5.494759518286460661e+03 5.526493711624207208e+03 5.544425720269733574e+03 5.564615259971120395e+03 5.592652552643077797e+03 5.605537823498976650e+03 5.640152246020763414e+03 5.679693472805316560e+03 5.721497122674481943e+03 5.767771027455397416e+03 5.822334119502920657e+03 5.820562812121352181e+03 5.854201183840632439e+03 5.994244538163766265e+03
5.309583075009037202e+03 5.327223938494996219e+03 5.358326560863999475e+03 5.382219529586765930e+03 5.393949740812529853e+03 5.400515698578440606e+03 5.419418901608826673e+03 5.439563119377364274e+03 5.452314663782999560e+03 5.471335452733237616e+03 5.491975900026634918e+03 5.507962268023100478e+03 5.525220931134161219e+03 5.549425248919869773e+03 5.572170515770580096e+03 5.598440768414344348e+03 5.631474645214519114e+03 5.671189260871644365e+03 5.733240729790937621e+03 5.784539756585203577e+03 5.817564411115599796e+03 5.922875843618065119e+03
5.277885144592362849e+03 5.307022837719152449e+03 5.327850785744401037e+03 5.358701477463779156e+03 5.364877361376547924e+03 5.372143990649950865e+03 5.388729140940546131e+03 5.412195628180195854e+03 5.421539737778150084e+03 5.432225381419974838e+03 5.449289915088651469e+03 5.464993954885299900e+03 5.475562310907622305e+03 5.497315017731736589e+03 5.510837350447050994e+03 5.538619438255638670e+03 5.573550220410539623e+03 5.605999022808129666e+03 5.651538361809216440e+03 5.705726310597987322e+03 5.782237960330327041e+03 5.860838224578299560e+03
5.267959270462632048e+03 5.280830117074337977e+03 5.300704739758625692e+03 5.312708554903048935e+03 5.335870414936787711e+03 5.356332941741329705e+03 5.374334112891219775e+03 5.389355553415474787e+03 5.401102640443779819e+03 5.416436359229530353e+03 5.424274741987590460e+03 5.433703971789072966e+03 5.444178201026146780e+03 5.463965689348472552e+03 5.476850474153574396e+03 5.499323206688433856e+03 5.532029881881491747e+03 5.568117670736917717e+03 5.608360979065218999e+03 5.656633715798365301e+03 5.730284109889544197e+03 5.781773126438260078e+03
5.243781619506778952e+03 5.262894569662033973e+03 5.290317655655442650e+03 5.307451058460876084e+03 5.329829366148476765e+03 5.351268411753075270e+03 5.352405573378073314e+03 5.373998582318168701e+03 5.391054778101379270e+03 5.402338721737168271e+03 5.415932808760337139e+03 5.415516429562549092e+03 5.423992145165186230e+03 5.433093379097513207e+03 5.445570621318835947e+03 5.469730116275443834e+03 5.498298423899548652e+03 5.530942266357297740e+03 5.567081560597027419e+03 5.615851730435466379e+03 5.687430590440766537e+03 5.770576399137877161e+03
5.248401379345741589e+03 5.249078110293987265e+03 5.279853787075628134e+03 5.299411473940957876e+03 5.310780102375401839e+03 5.337344955251130159e+03 5.357359137152718176e+03 5.366316493153381089e+03 5.386751243010243343e+03 5.392987482744425506e+03 5.398908907357004864e+03 5.412416556526089153e+03 5.408590194314876499e+03 5.414535799787591714e+03 5.433318134464409013e+03 5.449637040618449646e+03 5.473192063520274132e+03 5.506107531014093183e+03 5.535601383368317329e+03 5.585981505526527144e+03 5.650253879987598339e+03 5.681928160469506111e+03
5.232209020551295907e+03 5.235751280556689380e+03 5.267630297544325003e+03 5.282160918752488215e+03 5.297187549183914598e+03 5.326469124344142983e+03 5.362023600707370861e+03 5.377756200369232829e+03 5.393261543912400157e+03 5.397664825208272305e+03 5.394191558832741975e+03 5.407442655766266398e+03 5.402230551227728938e+03 5.412743239085891219e+03 5.420989786358049969e+03 5.436220303354774842e+03 5.454060690288464684e+03 5.477185228368688513e+03 5.506351290979016994e+03 5.559561662819708545e+03 5.587701896191890228e+03 5.626545120397142455e+03
5.230522564622981008e+03 5.245347681943867428e+03 5.263543350869618735e+03 5.273931431944447468e+03 5.300452047828079230e+03 5.335434743018957306e+03 5.354727914873015834e+03 5.391753276018722318e+03 5.400284837575163692e+03 5.410982703442306956e+03 5.411208896355932666e+03 5.421506864151340778e+03 5.410916761505476643e+03 5.409916454299829638e+03 5.415098612630849857e+03 5.426636030504669179e+03 5.439276928383384075e+03 5.454631168699099362e+03 5.485508655482648464e+03 5.532812022484411500e+03 5.563686060905950399e+03 5.605157001121486246e+03
5.232817422229491058e+03 5.245030765020184845e+03 5.257522265422905548e+03 5.286106694722582688e+03 5.312472819820990480e+03 5.349148423551338055e+03 5.364622072791869869e+03 5.398571731686892235e+03 5.416499883613752900e+03 5.421012691118217845e+03 5.418120460758859736e+03 5.429268716148252679e+03 5.420380332034294042e+03 5.418716729795803076e+03 5.415370106888511145e+03 5.426236882511582735e+03 5.436147233377985685e+03 5.450872397586992520e+03 5.476050260466902728e+03 5.509754500656210439e+03 5.548249074508627928e+03 5.589006046290626728e+03
5.234650322509303805e+03 5.248732897624364341e+03 5.272098527038886459e+03 5.301825908629347396e+03 5.322497963385409093e+03 5.356859451478829214e+03 5.393785486296788804e+03 5.415408475435611763e+03 5.438159644882724024e+03 5.448104613010489629e+03 5.444156923464561260e+03 5.443844654544938749e+03 5.435668900143384235e+03 5.437107517207861747e+03 5.430187080827501632e+03 5.428265848455072046e+03 5.441802735158736141e+03 5.451527140443231474e+03 5.477771556701713052e+03 5.502067559039559455e+03 5.538958319386841140e+03 5.571773100571750547e+03
5.234771859536247575e+03 5.243663659702040604e+03 5.271552191797189153e+03 5.314258864919485859e+03 5.353510439679650517e+03 5.385800603942225280e+03 5.419802717652795764e+03 5.438649310532786330e+03 5.456012537958798930e+03 5.470536963890906009e+03 5.476469547521159257e+03 5.469014198784133441e+03 5.466783216705735867e+03 5.459826918924208258e+03 5.460177383558699148e+03 5.447642087118378186e+03 5.455168987348638439e+03 5.466518690323444389e+03 5.483052652867285360e+03 5.510387041397177200e+03 5.540245130990268080e+03 5.578093851800555058e+03
5.244952617043602004e+03 5.241235709482085440e+03 5.282813252228368583e+03 5.321995979195593463e+03 5.376039536049673188e+03 5.410362401017302545e+03 5.435874619060166879e+03 5.465408537055294801e+03 5.478126845541615694e+03 5.491913216610686504e+03 5.499364107393435006e+03 5.492648601994057572e+03 5.491361406189127592e+03 5.482010732547756561e+03 5.481792081323940693e+03 5.481005685737763088e+03 5.488569926407170897e+03 5.481271917268918514e+03 5.505545253889899868e+03 5.530426603581290692e+03 5.553660632071758300e+03 5.593249688322357542e+03
5.227106116686600217e+03 5.254217839224698764e+03 5.296213356577267405e+03 5.343782307749059328e+03 5.386688636198834502e+03 5.424918523825726879e+03 5.458855473112094842e+03 5.487526302622423827e+03 5.500569301795980209e+03 5.517943495574360895e+03 5.522600412444016911e+03 5.528345252812719991e+03 5.516582889289370542e+03 5.511758251561149336e+03 5.512393514730706556e+03 5.510258826783198856e+03 5.517468509259552775e+03 5.525317817059747540e+03 5.539584282883784908e+03 5.551417199289709970e+03 5.578570488518413185e+03 5.607940940892676736e+03
5.234124455047374795e+03 5.264275206161195456e+03 5.318010961355514155e+03 5.353935409548912503e+03 5.402381599560923860e+03 5.438368823917995542e+03 5.473558422459776921e+03 5.504063089303506786e+03 5.531873250981347155e+03 5.543292610256785338e+03 5.554667410668657794e+03 5.555440314354879774e+03 5.559900436331926358e+03 5.549107937303844665e+03 5.542208831214798920e+03 5.550935262723450251e+03 5.554507096884528437e+03 5.564797443961815588e+03 5.567258677535875904e+03 5.597620868676765895e+03 5.621392564392963322e+03 5.644434399786667200e+03
5.215381156270377687e+03 5.275860634471036974e+03 5.316720878895233909e+03 5.363095001457015314e+03 5.415031684728086475e+03 5.453959287511148432e+03 5.497347432001073685e+03 5.530041359413888131e+03 5.552875446416650448e+03 5.573359714398780852e+03 5.577323973541117994e+03 5.588223940545527512e+03 5.588110774339665113e+03 5.588485082353220605e+03 5.592019998559917440e+03 5.592230615299126839e+03 5.592141662232015733e+03 5.600699351353843667e+03 5.617938185347940816e+03 5.629428329782376750e+03 5.654685485861076813e+03 5.690081196181061387e+03
5.251731334077252541e+03 5.291926306745415786e+03 5.335029277908390213e+03 5.381715563076038961e+03 5.424714488341856850e+03 5.485034550185240732e+03 5.518429423174669864e+03 5.548512913994001792e+03 5.573249600102996737e+03 5.590690052202049628e+03 5.611217917621424021e+03 5.621324917738821568e+03 5.627112374464037202e+03 5.626490308794842349e+03 5.629661503205909867e+03 5.637518801501452799e+03 5.648777953442117905e+03 5.656946290548843535e+03 5.662691512049234007e+03 5.675358835279801497e+03 5.693242302370122161e+03 5.717064695728049628e+03
5.261905700955152497e+03 5.307188767890818781e+03 5.349222833033396455e+03 5.402271558960852417e+03 5.454339065296808258e+03 5.494715069296547881e+03 5.540358531671205128e+03 5.565902721683862183e+03 5.597961795723887917e+03 5.622992928620626117e+03 5.638038691568266586e+03 5.655175933851960508e+03 5.665022924922413949e+03 5.662441901152546961e+03 5.670636241784086451e+03 5.677238794753815455e+03 5.688843575898031304e+03 5.700732198880768919e+03 5.717149345532878215e+03 5.732807420581008046e+03 5.745007562582628452e+03 5.764000293426527605e+03
5.280355512784564780e+03 5.327209594669533544e+03 5.369728090607768536e+03 5.430609407806634408e+03 5.479411274670363127e+03 5.519873452380674280e+03 5.557153341191798972e+03 5.588556921993060314e+03 5.615945428900958177e+03 5.641599801937165466e+03 5.661458429362453899e+03 5.681573592447253759e+03 5.699776338651348851e+03 5.706916507999644637e+03 5.709203701633390665e+03 5.717142775586978132e+03 5.731512052049615704e+03 5.740952927695936523e+03 5.756290272110535625e+03 5.772482188636562569e+03 5.791097545702456046e+03 5.798217566614550378e+03
5.304714352929806410e+03 5.353953945229537567e+03 5.400471484619003604e+03 5.455047507936995316e+03 5.499438449618452069e+03 5.542313081440004680e+03 5.577894515678579410e+03 5.606254658580608520e+03 5.634282034025297435e+03 5.663641119663590871e+03 5.681505284098499033e+03 5.704322826738205549e+03 5.720254787164536538e+03 5.734943624457315309e+03 5.739445010875095250e+03 5.755781114048004383e+03 5.773521237693094008e+03 5.787690485245536365e+03 5.810291043109754355e+03 5.825018169727594795e+03 5.839335890477395878e+03 5.849310187201928784e+03
5.324322781390083037e+03 5.374313768627976970e+03 5.418486113234666846e+03 5.478352972817405316e+03 5.520991700314891204e+03 5.559777696196517354e+03 5.597324501233051706e+03 5.626098391052903025e+03 5.653433798112795557e+03 5.677455636144633900e+03 5.705590455153733274e+03 5.723818800517585260e+03 5.740519471650113701e+03 5.762745621817979554e+03 5.772663657159904687e+03 5.785294802550998611e+03 5.805442386398471172e+03 5.823135233289971438e+03 5.843770009507092254e+03 5.858844503202457418e+03 5.875151661204425181e+03 5.884372225393854023e+03
5.345368700952010840e+03 5.392326860597600898e+03 5.455099439961231838e+03 5.498050933324595462e+03 5.537837627628154223e+03 5.579841189054448478e+03 5.612405212096917239e+03 5.643749617675753143e+03 5.672607198940087983e+03 5.694190631302467409e+03 5.714941956639300770e+03 5.738773745851630338e+03 5.764831279731681207e+03 5.783385247759488266e+03 5.794595350080536264e+03 5.816110980942532478e+03 5.830054299708809594e+03 5.846804265945117550e+03 5.867441815278683862e+03 5.880765083348485859e+03 5.906012502022775152e+03 5.919744674919427780e+03
5.367832651246711976e+03 5.431684170490952965e+03 5.475645741135771459e+03 5.517353255349527899e+03 5.556882065107280141e+03 5.592420166027774030e+03 5.627819044850317368e+03 5.656902832636164931e+03 5.686407164725533221e+03 5.711924162084834279e+03 5.735004467419276807e+03 5.754062148242988769e+03 5.779004649309820707e+03 5.795499688143253479e+03 5.817087072583635745e+03 5.826061553233545965e+03 5.844197386041997561e+03 5.859005339053142961e+03 5.877367103811027846e+03 5.898047012167030516e+03 5.919156258290743608e+03 5.919424413058801292e+03
5.402088453589545679e+03 5.451003403296439501e+03 5.495437583563800217e+03 5.537860109283747079e+03 5.575052013223665199e+03 5.610978440449521258e+03 5.643470543347026251e+03 5.676025551304983310e+03 5.699086117961689524e+03 5.723920279975174708e+03 5.744984048628666642e+03 5.765527241490191955e+03 5.784669405123713659e+03 5.808905005091827661e+03 5.830263764922691735e+03 5.843343761157890185e+03 5.856201846365045640e+03 5.877920492708849451e+03 5.897445881069337702e+03 5.904284611322676938e+03 5.925793257842124149e+03 5.942175355412866338e+03
5.418127491179380741e+03 5.468015245615270032e+03 5.509123477076195741e+03 5.549749905573604337e+03 5.590207277013127168e+03 5.625251210404048834e+03 5.656773213822457365e+03 5.685051704349616557e+03 5.710900601391989767e+03 5.735459394442037592e+03 5.756513547148970247e+03 5.774266792641716165e+03 5.793894357621269592e+03 5.810152684215693625e+03 5.826688463600496107e+03 5.847339680088771274e+03 5.862203604104618535e+03 5.877815516610247869e+03 5.895257794364364599e+03 5.915638259090484098e+03 5.934926204232702730e+03 5.909428023309374112e+03
5.431525934354827768e+03 5.480171408059079113e+03 5.522689511471047808e+03 5.563995892301620188e+03 5.600388849159553502e+03 5.634156676795208114e+03 5.665135658762942512e+03 5.692855818013546013e+03 5.716840150394094962e+03 5.740573518048197002e+03 5.760311822550502256e+03 5.780652406023531512e+03 5.798167257109413185e+03 5.814388620129793708e+03 5.832747420836862148e+03 5.847261429838572440e+03 5.861595547526135306e+03 5.873377848258880476e+03 5.884387924096106872e+03 5.895518692867466598e+03 5.906616214554313046e+03 5.913158298424226814e+03
5.444590862101089442e+03 5.493250971449197095e+03 5.535815198917149246e+03 5.571171309226505400e+03 5.606027512530348758e+03 5.639102832147376830e+03 5.671162379829753263e+03 5.698565154970414369e+03 5.719382678315243538e+03 5.743461570107578154e+03 5.763064434981135491e+03 5.781366320441509743e+03 5.799585186540680297e+03 5.817787680930308852e+03 5.835259848072077148e+03 5.849643677693889913e+03 5.863010102190972248e+03 5.875463739342562803e+03 5.885194903719275317e+03 5.888192175582429627e+03 5.870675486784981331e+03 5.846395842917729169e+03
5.462863384956028312e+03 5.503794606571085751e+03 5.539734157413386129e+03 5.577497329227300725e+03 5.613593541756097693e+03 5.644762684869183431e+03 5.672323252215486718e+03 5.693528054774171324e+03 5.716984439018455305e+03 5.740673707373523939e+03 5.763666944333603169e+03 5.781307004552789294e+03 5.795488517989717366e+03 5.821077889071486425e+03 5.835621190160411061e+03 5.849318493826322083e+03 5.862139251819964556e+03 5.872254625537361790e+03 5.879619745511321526e+03 5.878979331972514046e+03 5.875126769290101947e+03 5.812013026449829340e+03
5.474506602580979234e+03 5.507938811124877247e+03 5.545169674151078652e+03 5.578207026330906956e+03 5.613635592413811537e+03 5.642420794661320542e+03 5.668403564326590640e+03 5.688121429830312991e+03 5.710923901396599831e+03 5.733560058660768846e+03 5.755989885399674677e+03 5.776593569541306351e+03 5.793149851598267560e+03 5.815134537882397126e+03 5.840343257930973778e+03 5.852159385264967568e+03 5.864229836944330600e+03 5.873359245869818551e+03 5.880231817598873931e+03 5.881017453988461057e+03 5.877640395048190840e+03 5.830645775220356882e+03
