5.280950198661932518e+03 5.311698704816881218e+03 5.336068094410161393e+03 5.362781816432652704e+03 5.389555112525745244e+03 5.417217491808418345e+03 5.438723199264722098e+03 5.454549387404154004e+03 5.467013429560352961e+03 5.479495381214586814e+03 5.490462293175515697e+03 5.499092526200348402e+03 5.513488091247261764e+03 5.532139804007872044e+03 5.551975262589749946e+03 5.572218191978457980e+03 5.595381737236737536e+03 5.619523129682628678e+03 5.649054330104748260e+03 5.670621872984368565e+03 5.685150491402551779e+03 5.698266315432994816e+03
5.277896495295978639e+03 5.305456817760248668e+03 5.330214978553062792e+03 5.356690485395371070e+03 5.382265768990736433e+03 5.405085636401828197e+03 5.424171368093940146e+03 5.440375827674355605e+03 5.455759680419842880e+03 5.464537415032429635e+03 5.473077629805186916e+03 5.480897651634911199e+03 5.494060315466364045e+03 5.511299472225224235e+03 5.526696754449004402e+03 5.548374173268385675e+03 5.576682237630544478e+03 5.599348167422219376e+03 5.623135207858177637e+03 5.651258672720777213e+03 5.674030398743470869e+03 5.686737483211517429e+03
5.265464219411332124e+03 5.291517867218085485e+03 5.315931064591215545e+03 5.341637187880124657e+03 5.367033179438243678e+03 5.391422490126820776e+03 5.409111242983414741e+03 5.425510676475802939e+03 5.438377776709498903e+03 5.448768360782559284e+03 5.456215661111114969e+03 5.461154366167786975e+03 5.473030870070071614e+03 5.487628108223845629e+03 5.501698204139391237e+03 5.524881082949642405e+03 5.553584398631935073e+03 5.580248365625354381e+03 5.604017233014677004e+03 5.630909842476747144e+03 5.655129990735466890e+03 5.679321342440216540e+03
5.248143006707704444e+03 5.271868260407612979e+03 5.297463395156597471e+03 5.323515681957190282e+03 5.350381782156942791e+03 5.373637698573522357e+03 5.393951858932755385e+03 5.409228713359060748e+03 5.418816929066066223e+03 5.430416580585621887e+03 5.436826595144790190e+03 5.439970249855846305e+03 5.451964418816053694e+03 5.464468456815830905e+03 5.478957994691641943e+03 5.500868780615514879e+03 5.526601234099655812e+03 5.555630678859273758e+03 5.582675713499011181e+03 5.605363216211958388e+03 5.629428967346649188e+03 5.657111470070435644e+03
5.231589651865300766e+03 5.253239542728958440e+03 5.275658063470554225e+03 5.303779690875984670e+03 5.332766395074442698e+03 5.355260656732167263e+03 5.376650734512269082e+03 5.394564775319358887e+03 5.403418283809210152e+03 5.413464306306147591e+03 5.419245275112241870e+03 5.423184266986316288e+03 5.432353254038383056e+03 5.443860565635453895e+03 5.456293806483592562e+03 5.477525793918948693e+03 5.502797131968867689e+03 5.533514506259291011e+03 5.561406722304197501e+03 5.585483115470508892e+03 5.606062099768377266e+03 5.628833025472330519e+03
5.212686428737682945e+03 5.236076285833054499e+03 5.261853382573723138e+03 5.290018649448040378e+03 5.316864585221137531e+03 5.341179481782834955e+03 5.365804403426692261e+03 5.384099689084978309e+03 5.393291367827639078e+03 5.400955925305765959e+03 5.409028548502134072e+03 5.412811705368052571e+03 5.417890773150607856e+03 5.428115004666226014e+03 5.438951517935198353e+03 5.456786370664250171e+03 5.483129037147513372e+03 5.511911690899357382e+03 5.539637051223818162e+03 5.566734592570644054e+03 5.587853888346299755e+03 5.608458667408594920e+03
5.190069762177568919e+03 5.217314039195011901e+03 5.247431396518352813e+03 5.278028810317387070e+03 5.306646878992475649e+03 5.338498501336057416e+03 5.364232654548492064e+03 5.382027473884891151e+03 5.393000036653921597e+03 5.399643213701196146e+03 5.405618976392431250e+03 5.408063787829355533e+03 5.412514175490651724e+03 5.418465383216440387e+03 5.426055975044712795e+03 5.439126920827672620e+03 5.464876485774152570e+03 5.491916666167479889e+03 5.516976447430456574e+03 5.542544793680154726e+03 5.565723870625101881e+03 5.591374114708769412e+03
5.172198378380959184e+03 5.203085351728807836e+03 5.237485884482444817e+03 5.271502267889671202e+03 5.305798854591946110e+03 5.342722803018002196e+03 5.368885680974328352e+03 5.389720211737670979e+03 5.404864928118247917e+03 5.413678031766638924e+03 5.416378407679209886e+03 5.414569996916514356e+03 5.414819347637853753e+03 5.419417672520493397e+03 5.423695974955230668e+03 5.432401433596956849e+03 5.451247188736693715e+03 5.476829548932491889e+03 5.502482937849359587e+03 5.525837403796799663e+03 5.550343101464713982e+03 5.576667348973309345e+03
5.166913214183141463e+03 5.202019038605984861e+03 5.239368867666192273e+03 5.277307300760312501e+03 5.316043219434535786e+03 5.351460620358692722e+03 5.382269413979927776e+03 5.404755707928481570e+03 5.420884410791580194e+03 5.431259326190249340e+03 5.432493284238429624e+03 5.429348431983295995e+03 5.427447256161916812e+03 5.427649129153386639e+03 5.428950388296426354e+03 5.433202858134249254e+03 5.446620046881531380e+03 5.465976241566692806e+03 5.489589711528432417e+03 5.514331917674734541e+03 5.537357971741374058e+03 5.565281145390516031e+03
5.168780144160697091e+03 5.205324471235692727e+03 5.244018674317956538e+03 5.286573378382058763e+03 5.330576035641415729e+03 5.366984516873581924e+03 5.399918449234761283e+03 5.424620916200889042e+03 5.439914386339944940e+03 5.452181444132640536e+03 5.451092776740933004e+03 5.447520727723628625e+03 5.444679669442487466e+03 5.440703968267254822e+03 5.436332292149132627e+03 5.438646166883511796e+03 5.447503097938299106e+03 5.460732519228698038e+03 5.479212709477580574e+03 5.504581505323682904e+03 5.532609021598054824e+03 5.560767218733059053e+03
5.171300518656485110e+03 5.213140693220966568e+03 5.253498502910961179e+03 5.300145555786445584e+03 5.344886522182006956e+03 5.385011108567298834e+03 5.420085047228567419e+03 5.445834539435281840e+03 5.463475811160657031e+03 5.472640154366916249e+03 5.473624025776080089e+03 5.470167616036737854e+03 5.465844473250288502e+03 5.459040560761334746e+03 5.452049059126802604e+03 5.450602523444202234e+03 5.454200410967833704e+03 5.465816638759924899e+03 5.483506639761860242e+03 5.509677431479755796e+03 5.536463633599533750e+03 5.569404507933858440e+03
5.175624990428337696e+03 5.219589185952941079e+03 5.268351198621855474e+03 5.318166549016530553e+03 5.361311272653656488e+03 5.401401587384486447e+03 5.440055870702802167e+03 5.469445091561059598e+03 5.487714527390687181e+03 5.497188453864011535e+03 5.497852443966696228e+03 5.495760765534130769e+03 5.493228221851680246e+03 5.487403448211653995e+03 5.482125816015884993e+03 5.475935938431302020e+03 5.473493647310001506e+03 5.484608908948502176e+03 5.502884045037746546e+03 5.526304326925672285e+03 5.550307844517020385e+03 5.582195859532975192e+03
5.167036002687083965e+03 5.211519557533036277e+03 5.271363483657965844e+03 5.336732476514391237e+03 5.376765073717661835e+03 5.420761300061086331e+03 5.465184653846967194e+03 5.494291528399955496e+03 5.511566009268168273e+03 5.523095527830990250e+03 5.526210383228136379e+03 5.525471532501505862e+03 5.523957366285834723e+03 5.519195123965835592e+03 5.514050357452391836e+03 5.510990772491916687e+03 5.508822692503824328e+03 5.513808685922411314e+03 5.528414438146763132e+03 5.552627523355399717e+03 5.579914784621977560e+03 5.611862768930065613e+03
5.148780188506760169e+03 5.199112820730976637e+03 5.270483745276850641e+03 5.344150583071265828e+03 5.397424706650550434e+03 5.444756027259802977e+03 5.488172541568888846e+03 5.514321129890087832e+03 5.532753113780045169e+03 5.548246332338832872e+03 5.555610592347087731e+03 5.558665267234267958e+03 5.558453927700252279e+03 5.554850905438664995e+03 5.551456766765663815e+03 5.551505397451789577e+03 5.553965037082220078e+03 5.558222190197280725e+03 5.572557961346436059e+03 5.596101572233899788e+03 5.625592272769176816e+03 5.662410218593106038e+03
5.132726059994860407e+03 5.200745620698874518e+03 5.273981415518075664e+03 5.351592228907910794e+03 5.417867892255632796e+03 5.464648658758707825e+03 5.505591317812925809e+03 5.537226604824179958e+03 5.556648883145951913e+03 5.574339292185904924e+03 5.584285113742339490e+03 5.590713493066016781e+03 5.592918056391707069e+03 5.593801941399707175e+03 5.595865950705032446e+03 5.597794193635725605e+03 5.601862724989919116e+03 5.611008322945072905e+03 5.625156905660738630e+03 5.647893642023371285e+03 5.677680816738195062e+03 5.712008754036128266e+03
5.134912437481213601e+03 5.210349834520259719e+03 5.286857640164569602e+03 5.364504404747633089e+03 5.435768839361481696e+03 5.487864665455924296e+03 5.523784708290049821e+03 5.557347384513826910e+03 5.581737198208287737e+03 5.597798228770440801e+03 5.611966711229832981e+03 5.623054703916975086e+03 5.629767512946943498e+03 5.634027499700850058e+03 5.638252716052912547e+03 5.643885823669435013e+03 5.650675143325796853e+03 5.661347747618135145e+03 5.675202412509171154e+03 5.696178995190643036e+03 5.724213948533847542e+03 5.754308578058441526e+03
5.152288706128097147e+03 5.225696640887605099e+03 5.312027504567827236e+03 5.386524033357596636e+03 5.460063032787237717e+03 5.508739207477608034e+03 5.544046471876687065e+03 5.578262724032842016e+03 5.604575674055753552e+03 5.621278573323062119e+03 5.638698293122341965e+03 5.653518193755593529e+03 5.663149269483337775e+03 5.671355461301122887e+03 5.678229811776614042e+03 5.686149605703208181e+03 5.693981370382422938e+03 5.706117758564907490e+03 5.719946423499402954e+03 5.739178591250310092e+03 5.762567256936972626e+03 5.787308583880309925e+03
5.183106018558080905e+03 5.259574233995057511e+03 5.343042268708080883e+03 5.420064523961237683e+03 5.487349717227838482e+03 5.530687609699163659e+03 5.567454436833731052e+03 5.602381222116135177e+03 5.626479302058333815e+03 5.644279350110803534e+03 5.661729483667420027e+03 5.678286886859549668e+03 5.691747273101203973e+03 5.703429289323576995e+03 5.714802042818480004e+03 5.725211088537690557e+03 5.735058530149533908e+03 5.746245162264994178e+03 5.760762601991724296e+03 5.777510243883294606e+03 5.795490049856710357e+03 5.817535278340589684e+03
5.221688300370053184e+03 5.297584266280091470e+03 5.379035198518861762e+03 5.454943895603794772e+03 5.514958716607228780e+03 5.556795112976475139e+03 5.591576786266969975e+03 5.622241514241494770e+03 5.645949998280617365e+03 5.664239763526356910e+03 5.682591471180235203e+03 5.702488723126573859e+03 5.720987924695990841e+03 5.735530651877283162e+03 5.747970070392379057e+03 5.759283048026494725e+03 5.769826695751822626e+03 5.780624811255986970e+03 5.792941193787934026e+03 5.807601484607068414e+03 5.823943595939038460e+03 5.842327078968304704e+03
5.257943043619283344e+03 5.337100454380249175e+03 5.415553003640632596e+03 5.484749557402413302e+03 5.540572918424445561e+03 5.580859991329638433e+03 5.611179003200231818e+03 5.637843320955932541e+03 5.662089295268768183e+03 5.681950411629335576e+03 5.701745805801718234e+03 5.723228924349115005e+03 5.742597094387479046e+03 5.760335597188185602e+03 5.774380812946997139e+03 5.785801521116494769e+03 5.796275733615744684e+03 5.804501132393047556e+03 5.816991910129025200e+03 5.831982137299251008e+03 5.848177550095905644e+03 5.866696607154864068e+03
5.292619701044815884e+03 5.369279056978642075e+03 5.450016800134284495e+03 5.505971156089173746e+03 5.557721686754572147e+03 5.601628967306245613e+03 5.629011720302995855e+03 5.653290197163129960e+03 5.676172927157420418e+03 5.697015049823467962e+03 5.718341957941926012e+03 5.738964513883267500e+03 5.759031497191860581e+03 5.776323986486685499e+03 5.792346968369089154e+03 5.807882357866363236e+03 5.819691868629158307e+03 5.829293609741972432e+03 5.840213924765235788e+03 5.854144431182982771e+03 5.867855055789163998e+03 5.882888770657053101e+03
5.318734547080692209e+03 5.395959299814592669e+03 5.471193303613059470e+03 5.525667985951996343e+03 5.573493574427349813e+03 5.616967249189300674e+03 5.642709428913452030e+03 5.666668193326846449e+03 5.689152018656111977e+03 5.710494371411325119e+03 5.731400403985725461e+03 5.751506671868254671e+03 5.770261555399886674e+03 5.788031426877823833e+03 5.805510651699664777e+03 5.821412511949763939e+03 5.834863434608544594e+03 5.846821759325611310e+03 5.858446314648561383e+03 5.869205057567922267e+03 5.879584052674073973e+03 5.895788042387557653e+03
5.347478227145927121e+03 5.416091111077126698e+03 5.488071765080927435e+03 5.541903882596535368e+03 5.588091381621502478e+03 5.625214880292443922e+03 5.651916506359398227e+03 5.676952004632090393e+03 5.699782761795037914e+03 5.720794668706888842e+03 5.742116054142844405e+03 5.760979703397939375e+03 5.780877740686811194e+03 5.799883126583030389e+03 5.817272738045156984e+03 5.830944687753468315e+03 5.844015825679647605e+03 5.856654410757726509e+03 5.867199976921915550e+03 5.878319301328670917e+03 5.887479569533885297e+03 5.898720905131908694e+03
5.369711713311105086e+03 5.435822627929908776e+03 5.503347314545474546e+03 5.553082851582487820e+03 5.595028133961212006e+03 5.629699693079845019e+03 5.656823445241546324e+03 5.682870843106686152e+03 5.706572218262015667e+03 5.727666547439257556e+03 5.748806664608247956e+03 5.769068205150141694e+03 5.790116141044790311e+03 5.809306788841326124e+03 5.826642493526194812e+03 5.840059073984917632e+03 5.852024845413307048e+03 5.862426844517312929e+03 5.870189023035030004e+03 5.876225961838654257e+03 5.881564673946743824e+03 5.887715885721207997e+03
5.392110586519087519e+03 5.452200487580654226e+03 5.511739428672745817e+03 5.558965741275125765e+03 5.599206056742250439e+03 5.633232153532858320e+03 5.660784094953454769e+03 5.686701033652213482e+03 5.711843900169806147e+03 5.732523780480959431e+03 5.754128628919583207e+03 5.776287122528827240e+03 5.798514606531277423e+03 5.817643265758154485e+03 5.833022946157037950e+03 5.846973858087827466e+03 5.858988246502204674e+03 5.868617789016901042e+03 5.875483322970229892e+03 5.881572627796412235e+03 5.887724752790288221e+03 5.885619946151400654e+03
5.412712970619620137e+03 5.468895682661557657e+03 5.517419799495408370e+03 5.563204465536202406e+03 5.603386007033760507e+03 5.635324020216565259e+03 5.662907920911237852e+03 5.687577533416797451e+03 5.713188744935193426e+03 5.736024910847780120e+03 5.759741626491364514e+03 5.782669192289887178e+03 5.806236734529660680e+03 5.825581165359241822e+03 5.842094613683045282e+03 5.854643358923925916e+03 5.866340980413721809e+03 5.875436337670474131e+03 5.883082335282242639e+03 5.889790141082185983e+03 5.894203585798621134e+03 5.896419833914916126e+03
5.432806357878722338e+03 5.475942406297176603e+03 5.522469686688551519e+03 5.568313651980367467e+03 5.603315053159100898e+03 5.632901730438387858e+03 5.662473581372617446e+03 5.686882785400858666e+03 5.713171974548358776e+03 5.738090242455155021e+03 5.764419878663228701e+03 5.788474372559697258e+03 5.810708210227844575e+03 5.833556459115676262e+03 5.849428510246621954e+03 5.862933321246394371e+03 5.874817731956444732e+03 5.883098178402284248e+03 5.890112693177944493e+03 5.895434678253413040e+03 5.899383527872027116e+03 5.903160046764400249e+03
5.443297229806126779e+03 5.484811471453848753e+03 5.527139180920021317e+03 5.564971756481527336e+03 5.597151288835908417e+03 5.628362494026289824e+03 5.656946523592286212e+03 5.681547267014254430e+03 5.708134415095008080e+03 5.736864344043769961e+03 5.766939074557600179e+03 5.792535125342286847e+03 5.815450662535991796e+03 5.838278046780948898e+03 5.857371682662481362e+03 5.871106913541094400e+03 5.881772730982701432e+03 5.889773134902542552e+03 5.895821002566121024e+03 5.900465245491151109e+03 5.904115012102584842e+03 5.906099723510156764e+03
