5.303807879723947735e+03 5.337516644943708343e+03 5.364732869987396043e+03 5.400667277475226001e+03 5.425684094209997056e+03 5.443391801172282612e+03 5.458727528959224401e+03 5.469593879064460452e+03 5.480992057739545089e+03 5.490017887235476337e+03 5.500357783786743312e+03 5.515669502010478027e+03 5.536875856580235450e+03 5.562545585927621687e+03 5.589340195017261976e+03 5.612208656573843655e+03 5.635813698593290610e+03 5.659955091039181752e+03 5.688673381615059952e+03 5.702999620500818310e+03 5.685150491402551779e+03 5.698266315432994816e+03
5.290323698732225239e+03 5.315887115523078137e+03 5.339507423327982906e+03 5.367716558610181892e+03 5.394404227859497041e+03 5.416773203434238894e+03 5.432759284612904594e+03 5.450168329606855878e+03 5.468212232879300245e+03 5.474131124511945018e+03 5.483871097714928510e+03 5.497341887132777629e+03 5.516898233349950715e+03 5.538702442472584153e+03 5.557317217421405985e+03 5.580695891036891226e+03 5.613829744324107196e+03 5.638388604635850243e+03 5.658855326464386962e+03 5.686364595658839789e+03 5.708374597925696435e+03 5.719115230727967173e+03
5.264132084568542268e+03 5.285893603297673508e+03 5.302966950404354975e+03 5.332540212229529971e+03 5.360382644828318007e+03 5.385395108034133045e+03 5.406573353866189791e+03 5.429957010764492225e+03 5.445195687561596969e+03 5.452864900022443180e+03 5.463355174142539909e+03 5.472464967957424051e+03 5.487210894994639602e+03 5.504616847779119780e+03 5.523543042195231465e+03 5.547535811809731058e+03 5.580052291378370683e+03 5.612632274140145455e+03 5.641794153579920930e+03 5.668762007287115011e+03 5.693148925648711156e+03 5.716895953302548151e+03
5.241633372425345442e+03 5.260491321213240553e+03 5.284467898633397454e+03 5.310599234750990036e+03 5.338159747999005049e+03 5.363642685261149381e+03 5.385738969039946824e+03 5.403019206812412449e+03 5.410068117611627713e+03 5.423448928949618676e+03 5.427192941341681035e+03 5.432924871524453920e+03 5.448346047957217706e+03 5.459638770984223811e+03 5.480168668138444446e+03 5.505128759237215490e+03 5.527802183729516400e+03 5.567255857850565917e+03 5.607723996910647656e+03 5.641869774707483884e+03 5.668995513979554744e+03 5.696981301515573250e+03
5.222918108277287502e+03 5.239981858555654071e+03 5.262441004031570628e+03 5.290796830091551783e+03 5.324984080938260377e+03 5.351251448528082619e+03 5.373634579588105225e+03 5.387174007392205567e+03 5.386194403468870405e+03 5.393524934548593592e+03 5.396534602883911248e+03 5.396493452102331503e+03 5.405853669791418724e+03 5.423668490434140040e+03 5.440506309514804343e+03 5.461492467399428278e+03 5.479267906625258547e+03 5.526803303728976971e+03 5.574672964470411898e+03 5.615045167141091042e+03 5.647074948224197215e+03 5.670603195948271605e+03
5.199092240269582362e+03 5.222567031066930213e+03 5.248402774763026173e+03 5.278604444660610170e+03 5.313864103546731712e+03 5.343196607457949540e+03 5.368323459883389660e+03 5.380767067049772777e+03 5.382027258570811682e+03 5.386103557062262553e+03 5.389420642985463019e+03 5.386210744007693393e+03 5.391235299215418308e+03 5.407932083121445430e+03 5.422766577663721364e+03 5.438310718465487298e+03 5.455269360210420928e+03 5.488696165775132613e+03 5.537447212774309264e+03 5.586107937677193149e+03 5.628923119751556442e+03 5.652459151385400219e+03
5.176475573709468335e+03 5.203719850726911318e+03 5.233837208050252229e+03 5.266401904502379693e+03 5.303326223792102610e+03 5.341690307386378663e+03 5.367424460598813312e+03 5.381901264920914400e+03 5.387263480425716807e+03 5.391793628206961330e+03 5.394237434431671318e+03 5.394551505834177988e+03 5.398621689551403506e+03 5.405579763393716348e+03 5.414972230479007521e+03 5.423873157879420432e+03 5.440245802799414378e+03 5.464589668581295882e+03 5.514277734329256418e+03 5.559727632514439392e+03 5.600058552548726766e+03 5.628600783130925265e+03
5.160392608130947337e+03 5.189491163260707253e+03 5.223891696014344234e+03 5.257908079421570619e+03 5.301558190065708004e+03 5.345027088898865259e+03 5.372077487024649599e+03 5.391349713996667560e+03 5.404603514696670572e+03 5.411894944760942053e+03 5.416472375976551120e+03 5.416886829158115688e+03 5.414157536729177082e+03 5.417129419281500304e+03 5.420051492942408913e+03 5.424507312573055970e+03 5.435251372016974528e+03 5.462797729078129123e+03 5.507469507801216423e+03 5.549306772082664793e+03 5.583246945811381920e+03 5.613744234938000773e+03
5.179683549920288897e+03 5.192551092724000227e+03 5.225774679198091690e+03 5.267423984589436259e+03 5.311139830021961643e+03 5.348026023499196526e+03 5.380760814071398272e+03 5.406167465465623536e+03 5.422047715502532810e+03 5.432011346468101692e+03 5.435776761777487081e+03 5.435745577866126041e+03 5.434964828982387189e+03 5.428864215579019401e+03 5.427429780353728347e+03 5.428490272853133320e+03 5.430697672605831031e+03 5.452853659417941344e+03 5.493943593787763348e+03 5.532498335480578135e+03 5.566778472524900280e+03 5.597087790077887803e+03
5.186130627888752315e+03 5.219478685436765772e+03 5.253666936699255530e+03 5.284972010386988586e+03 5.325672646228841586e+03 5.362081127461007782e+03 5.396086804142715664e+03 5.425402718834096959e+03 5.443885730155233432e+03 5.456623867719360533e+03 5.456951407188699704e+03 5.455015095242225470e+03 5.446048831651858563e+03 5.436758515792509570e+03 5.429366259719145091e+03 5.427625813959633888e+03 5.429245960976198148e+03 5.435455049213078382e+03 5.473641618507936073e+03 5.513547805250339479e+03 5.552479413802465388e+03 5.582107786765883247e+03
5.186846463136759667e+03 5.225956815261859447e+03 5.263108641782251652e+03 5.302529399489158095e+03 5.340928148834876993e+03 5.380107719154724691e+03 5.415181657815993276e+03 5.448307770165052716e+03 5.471500997478253339e+03 5.481103274166923256e+03 5.482029427742786538e+03 5.476772060430643251e+03 5.465524800442109154e+03 5.453298278423653755e+03 5.441530777816567934e+03 5.434991735187075392e+03 5.426840059889773329e+03 5.426130453238126393e+03 5.457847440884201205e+03 5.501813956064400372e+03 5.539796080182120932e+03 5.571110961040677466e+03
5.189641329047853105e+03 5.231208551600688224e+03 5.279404958455675114e+03 5.323388717572031055e+03 5.359438919327837539e+03 5.396498197971912305e+03 5.434680790275951949e+03 5.472772458223229478e+03 5.498818494876602927e+03 5.508160998083096274e+03 5.508339359341362979e+03 5.503813340230986796e+03 5.493705795378021321e+03 5.481589052568879197e+03 5.471188008074262143e+03 5.453902387161433580e+03 5.432429008317363696e+03 5.428578658961554538e+03 5.461390989606734365e+03 5.499367992675827736e+03 5.533149476140217303e+03 5.571260303951059541e+03
5.179037774231677759e+03 5.222573317366855917e+03 5.282417243491785484e+03 5.344744262217316646e+03 5.375275973631413763e+03 5.415563552040925060e+03 5.457865025154322211e+03 5.493918316595237229e+03 5.519334271146009996e+03 5.534554490155299391e+03 5.538358754501585281e+03 5.535837331041748257e+03 5.527757133884947507e+03 5.516272688584647767e+03 5.502492569732607990e+03 5.484488908104893198e+03 5.460351097493110501e+03 5.451495339640930069e+03 5.472538794179380602e+03 5.517736875245253941e+03 5.557441890332676849e+03 5.594053503954010921e+03
5.139451500944352119e+03 5.210166580564796277e+03 5.281537505110670281e+03 5.347070089032959913e+03 5.394103557741002078e+03 5.439167036802674374e+03 5.480683636273662160e+03 5.509496108384429135e+03 5.537250253799774327e+03 5.558337394199346818e+03 5.568335720866085467e+03 5.570717296189657645e+03 5.567064899521889856e+03 5.558872081145108496e+03 5.545333808972954103e+03 5.526462758967589252e+03 5.512333246170741404e+03 5.508061185201372609e+03 5.521516258386714981e+03 5.562278908200813021e+03 5.603646035607132035e+03 5.645928236261865095e+03
5.074615975501919820e+03 5.158780563879783585e+03 5.279876822001569963e+03 5.348271079998362438e+03 5.414546743346084440e+03 5.459307868105805937e+03 5.498472201218013652e+03 5.531644929915477405e+03 5.557456123351204951e+03 5.581395988140921872e+03 5.595536083337198761e+03 5.601190911569728996e+03 5.602871559490993604e+03 5.602400913476170899e+03 5.596401087626782100e+03 5.581338587647546774e+03 5.570302498102205391e+03 5.573130797351324873e+03 5.588330956166503711e+03 5.623098357578056493e+03 5.667244220643348854e+03 5.710074844837237833e+03
5.076802352988273014e+03 5.152239750027319133e+03 5.273079723590682079e+03 5.364060966459090196e+03 5.433966824199202165e+03 5.483177192355781699e+03 5.517044199324548572e+03 5.548319466627398469e+03 5.574448337010263458e+03 5.597101882059050695e+03 5.617034572842418129e+03 5.631117851997685648e+03 5.639291389654998056e+03 5.643885859061886549e+03 5.641111865083702469e+03 5.637684766943993964e+03 5.633787919697874713e+03 5.640432565046772652e+03 5.655222805584267917e+03 5.689073280923927996e+03 5.733445938200664386e+03 5.775520054244849234e+03
5.116769939942367273e+03 5.207750137386356073e+03 5.312889870518015414e+03 5.389149857773922122e+03 5.461094888183274634e+03 5.508203870947053474e+03 5.532148393782768835e+03 5.559058759912056303e+03 5.590189309812401916e+03 5.615127319215095667e+03 5.638097956949027321e+03 5.657447820263550966e+03 5.670688215846113962e+03 5.681915052917926005e+03 5.685968832480733909e+03 5.688402371361701626e+03 5.691324009545028275e+03 5.701611102396210299e+03 5.716141245321796305e+03 5.751704720848733814e+03 5.791290147636669644e+03 5.824824238589794732e+03
5.185176666553520590e+03 5.281324574748380655e+03 5.367003448067498539e+03 5.425152412567636929e+03 5.490998414067438716e+03 5.528504980932936633e+03 5.545869904273657994e+03 5.577885380540235928e+03 5.605896341230439248e+03 5.634402979139881609e+03 5.657801016795460782e+03 5.678107752152107423e+03 5.696146328940522835e+03 5.711661189878139339e+03 5.726096365960360345e+03 5.734526397418792840e+03 5.742723637196322670e+03 5.753647148855866362e+03 5.768868364393689262e+03 5.796439132391468775e+03 5.836489106246491247e+03 5.866641729405790102e+03
5.256663568649475565e+03 5.350282697049472517e+03 5.411628039759377316e+03 5.467494868026372387e+03 5.516859522032036693e+03 5.548455578039693137e+03 5.572221902890645651e+03 5.602730732746797912e+03 5.627249735594537924e+03 5.653936798592518244e+03 5.678342084721371066e+03 5.701578664863003723e+03 5.722046106272953693e+03 5.740439381901715024e+03 5.757006575867907486e+03 5.771740459024576012e+03 5.783804790811956991e+03 5.794724872346471784e+03 5.806474050579686264e+03 5.826179977759489702e+03 5.859259465670479585e+03 5.888643535834943577e+03
5.313962436316517596e+03 5.398407582832576736e+03 5.456922940748906512e+03 5.493775766759481485e+03 5.535953763883071588e+03 5.568669456131728111e+03 5.596031686297447777e+03 5.623394412395386098e+03 5.650755710520776120e+03 5.674730111157041392e+03 5.699130881687595320e+03 5.722378323587130581e+03 5.742186021703352708e+03 5.762806543611500274e+03 5.781684662458069397e+03 5.796769278683020275e+03 5.810762359114068204e+03 5.820274320164200617e+03 5.832282012133026910e+03 5.845587913622955057e+03 5.866850567629227044e+03 5.907086750253889477e+03
5.311594217233931886e+03 5.395342169445211766e+03 5.477826272467174022e+03 5.499376318515566709e+03 5.549265670981567382e+03 5.592318167826902027e+03 5.619415019730450695e+03 5.645321181649317623e+03 5.670331177652866245e+03 5.694261883268013662e+03 5.717493689500441178e+03 5.738673132478308617e+03 5.759832235689088520e+03 5.778647297505224742e+03 5.797344658242598598e+03 5.816376273639670217e+03 5.832953279974619363e+03 5.844295458917490578e+03 5.853783084450998103e+03 5.865773115441234040e+03 5.879229296989808972e+03 5.882888770657053101e+03
5.293107290647868467e+03 5.380317079922199810e+03 5.459089491319502486e+03 5.521651524943040386e+03 5.569941031451038725e+03 5.615037379747750492e+03 5.639770727200756482e+03 5.663223504250052429e+03 5.687109128929446342e+03 5.710480575162696368e+03 5.733087741663999623e+03 5.754308432336521946e+03 5.773678571739392282e+03 5.791055355023075208e+03 5.809254131419981604e+03 5.827933023623676490e+03 5.845052691681429678e+03 5.859733183683999414e+03 5.870753073647726524e+03 5.879480770869413391e+03 5.889486292436839904e+03 5.895788042387557653e+03
5.312036359750964039e+03 5.395140915183526886e+03 5.480027556385384742e+03 5.543792363835633296e+03 5.590977429176597980e+03 5.628706178434328649e+03 5.655798934921014734e+03 5.679657591129424873e+03 5.701057830778985590e+03 5.722842935623785706e+03 5.745618314984501922e+03 5.765207625673830989e+03 5.784418838406674695e+03 5.802350255423124509e+03 5.819585373675983647e+03 5.834162739882771348e+03 5.850104009676536407e+03 5.866550296651481403e+03 5.876642684581104731e+03 5.888221541091436848e+03 5.897381809296651227e+03 5.898720905131908694e+03
5.336027220312049394e+03 5.422740549461843329e+03 5.500259406088618562e+03 5.556391661095460222e+03 5.599340862733845825e+03 5.635559782585999528e+03 5.663394372408666641e+03 5.688397312333343507e+03 5.709904966727127430e+03 5.731554998319445076e+03 5.753284487292680751e+03 5.773131524138981149e+03 5.792136463951489532e+03 5.808386024215818907e+03 5.824672320478267466e+03 5.838870404730042537e+03 5.851515003300476565e+03 5.863561578968150570e+03 5.874332448045816818e+03 5.876225961838654257e+03 5.881564673946743824e+03 5.887715885721207997e+03
5.359991650335798113e+03 5.447599815715120712e+03 5.512184479704121259e+03 5.560764049469948986e+03 5.602541051879467886e+03 5.638617155723607539e+03 5.667482975205713956e+03 5.693611109711349854e+03 5.716717316200502864e+03 5.737198982540777251e+03 5.758906871004732238e+03 5.779318104731383755e+03 5.798625797574363787e+03 5.812785547045696148e+03 5.826967959984650406e+03 5.841801947023343018e+03 5.854470668373313856e+03 5.865003981526821917e+03 5.873904420701591334e+03 5.874551896406152991e+03 5.887724752790288221e+03 5.885619946151400654e+03
5.400162952944933750e+03 5.478818403042317186e+03 5.521550314441856244e+03 5.562517062509958123e+03 5.604477962276821927e+03 5.638643227303224194e+03 5.667852702115444117e+03 5.692645019300108288e+03 5.717643783499096571e+03 5.740543832210523760e+03 5.763889067594162043e+03 5.784272495627793433e+03 5.804673511586733184e+03 5.817905275179377895e+03 5.832413028791835131e+03 5.846439633469188266e+03 5.859905992764458460e+03 5.869478575504145738e+03 5.875645110649815251e+03 5.879186734195161989e+03 5.880976538863745191e+03 5.896419833914916126e+03
5.441160402407347647e+03 5.497502653194410414e+03 5.533959030573560995e+03 5.567325022636377071e+03 5.601689150988829169e+03 5.634304747599552684e+03 5.665313456149318881e+03 5.688739620631275102e+03 5.717140033245520499e+03 5.741537024465251307e+03 5.766856283296450783e+03 5.788550064963788827e+03 5.807517787191841308e+03 5.825241228049393612e+03 5.838347136479404071e+03 5.854129912665946904e+03 5.868570190646144511e+03 5.876737399563417966e+03 5.882867300485369924e+03 5.886049309052588796e+03 5.886364625657336546e+03 5.889830701613237579e+03
5.477450716433528214e+03 5.513865507596668976e+03 5.546513268039508148e+03 5.570158780760021727e+03 5.594405625587844952e+03 5.626467255376375761e+03 5.655652740944715333e+03 5.683580773568154655e+03 5.712693391959127439e+03 5.739781509273512711e+03 5.768504849735003518e+03 5.793933848995199696e+03 5.813957798267258113e+03 5.830632213665664494e+03 5.845986973982624477e+03 5.865925429013803296e+03 5.877840705612081365e+03 5.884965093330414675e+03 5.889182487254348416e+03 5.891740240531237760e+03 5.892017997965012910e+03 5.892995547522669767e+03
