-1.852810596860308578e+01 -4.373639233946050808e+00 3.852909259477200976e+00 1.258030992389922176e+01 1.871408482083188574e+01 2.563489688518620824e+01 3.065702120672540332e+01 3.223748957826046535e+01 3.058093580956847291e+01 3.079759317176831246e+01 3.144637010355472739e+01 3.206524560674915847e+01 3.610905261266179878e+01 4.158263272505155328e+01 4.963017719342406053e+01 5.714548063064557937e+01 6.631196152924803755e+01 7.659588676988732914e+01 9.031593323285596853e+01 9.547735283420934138e+01 9.745018629206151672e+01 9.847588965287104656e+01
-2.439812097341291519e+01 -1.204221001869700558e+01 -3.670056437053062837e+00 5.582233620179067657e+00 1.200623633505529142e+01 1.764165618581955641e+01 2.114993357608545921e+01 2.309778355741764244e+01 2.361290833702059899e+01 2.160889260599742556e+01 2.087152315816183545e+01 2.099915431251338305e+01 2.289227336915791966e+01 2.820677098702071817e+01 3.254755622468564979e+01 4.156564204081678326e+01 5.606086680458520277e+01 6.472113330646607210e+01 7.467545761471956212e+01 8.702458184442002675e+01 9.663627681596608454e+01 9.890220978265915619e+01
-3.474449468219063419e+01 -2.294523162139921624e+01 -1.536672541513689794e+01 -7.615058007268089568e+00 2.580065712472787709e-01 7.926468364908942021e+00 1.026554314972690918e+01 1.248262225505277456e+01 1.187725496835173544e+01 1.087066372515346302e+01 9.788549031065485906e+00 7.486375907620640646e+00 8.466720534253909136e+00 1.134278794697183912e+01 1.441402907108113141e+01 2.511717521420996491e+01 4.070375198763576918e+01 5.361752732179684244e+01 6.494270732607674290e+01 7.726276436082753207e+01 8.658592372775638069e+01 9.884325673011699109e+01
-4.425792858015665843e+01 -3.489729261966203921e+01 -2.778356969100150309e+01 -2.124129830290712562e+01 -1.335756392135408532e+01 -5.848290603804343846e+00 -7.283767291628464591e-01 3.905355222677826532e-01 -1.957859262625788688e+00 -2.457382310086359212e+00 -5.107984373019462510e+00 -8.886579205206544430e+00 -6.832556359107002208e+00 -4.947661928881643689e+00 -1.722006095538745285e+00 8.761545493766789150e+00 2.209285397017356445e+01 3.782570767134438938e+01 5.239286533920585498e+01 6.262617625996062998e+01 7.293963814009839552e+01 8.669951971773753030e+01
-5.105562502139673597e+01 -4.471476269870709075e+01 -4.041870173272127431e+01 -3.357322662387741730e+01 -2.672973114919932414e+01 -2.013901835703563847e+01 -1.514236084697677143e+01 -1.218346199967072607e+01 -1.490155740976206289e+01 -1.661853228407289862e+01 -2.056192832232136425e+01 -2.245552073282397032e+01 -2.184419298735247139e+01 -2.053649313877031091e+01 -1.829412000188767706e+01 -7.653858319835308066e+00 5.991339611994590086e+00 2.412335087974133785e+01 3.998404882571685448e+01 5.107183348255784949e+01 5.943122717582446057e+01 6.993132706658252573e+01
-5.806554600899926299e+01 -5.168328016486066190e+01 -4.533072650157191674e+01 -3.963024793546264846e+01 -3.448209329043311300e+01 -3.054269764437049162e+01 -2.586526631100514351e+01 -2.304429882951262698e+01 -2.589586250970205583e+01 -2.935715323178919789e+01 -3.106470687722321600e+01 -3.232901124346426514e+01 -3.440084335848951014e+01 -3.321671385749050387e+01 -3.154469168545165303e+01 -2.294309090988826938e+01 -6.917326099319325294e+00 1.037879572620659019e+01 2.681807541221132851e+01 4.169884470031047385e+01 4.936966959301844327e+01 5.773830133820229094e+01
-6.819511763495756895e+01 -6.029684417060616397e+01 -5.114498763862229680e+01 -4.395083462122693163e+01 -3.847000811534690001e+01 -3.288958649647702259e+01 -2.911609131850309495e+01 -2.754812963533095171e+01 -3.062762811843276722e+01 -3.363624997465376509e+01 -3.600800783775684977e+01 -3.799750779885926022e+01 -3.999343101313570514e+01 -4.204442775905226881e+01 -4.214903814627450629e+01 -3.699664057943300577e+01 -2.048889760458496312e+01 -3.632726780359917029e+00 1.166569802141566470e+01 2.629728959214571660e+01 3.495500159156017617e+01 4.427677255445723858e+01
-7.686781550623254589e+01 -6.734544460853703640e+01 -5.547953964684165840e+01 -4.744819713607830636e+01 -4.225109158118721098e+01 -3.473510046428600617e+01 -3.019033398512328858e+01 -2.701667971404185664e+01 -2.619821711318945745e+01 -2.693638053318500170e+01 -3.035439762840996991e+01 -3.579460291432769736e+01 -3.989407798968022689e+01 -4.236066733079678670e+01 -4.481290611697568238e+01 -4.248885058547602966e+01 -3.150365783208508219e+01 -1.593699353845022415e+01 -1.388040514029853512e-01 1.194623206222240697e+01 2.045599688947095274e+01 2.897848857522967592e+01
-7.621129659532925871e+01 -6.733736896777008951e+01 -5.798370410244569939e+01 -4.930394544435239368e+01 -4.244997361988771445e+01 -3.499851488863623672e+01 -2.729106669262091600e+01 -2.355053990444412193e+01 -2.063101557311347278e+01 -1.996312877851687517e+01 -2.485255860777033377e+01 -3.092417385806766106e+01 -3.639789216650115122e+01 -4.173073659794954438e+01 -4.557318939512424549e+01 -4.660516479407033330e+01 -4.105929122019915667e+01 -2.997963076522592019e+01 -1.541837802965619630e+01 -2.602586559838528046e+00 6.225974022479931591e+00 1.504609491623432405e+01
-7.376684468220628332e+01 -6.438442791793659126e+01 -5.783562382924719714e+01 -4.986247817922048853e+01 -4.243826947414618189e+01 -3.359872701513177162e+01 -2.426026207465201878e+01 -1.844467203781186981e+01 -1.561969414724171656e+01 -1.437914538086079119e+01 -1.949034645397932763e+01 -2.611566292894167418e+01 -3.229534247589072038e+01 -3.957335973116460082e+01 -4.748838137624625233e+01 -5.141987219333714165e+01 -4.951254187667473161e+01 -4.297632471023734979e+01 -3.241810160071327118e+01 -2.082063284710966400e+01 -9.336357422063883860e+00 -2.527753388776545762e-01
-7.059497838618881360e+01 -6.230659449649010639e+01 -5.574316039986297255e+01 -4.828595376977318665e+01 -4.167076851226920553e+01 -3.210307944705800764e+01 -2.243620171686688991e+01 -1.567921471374211251e+01 -1.175494405662720965e+01 -1.161296933421635913e+01 -1.593331418552315881e+01 -2.232586253217596095e+01 -2.873723786802383984e+01 -3.799297189456865453e+01 -4.830894908428126655e+01 -5.572890793775422935e+01 -5.823678274381018127e+01 -5.523719048686507449e+01 -4.595186855775045842e+01 -3.374836875111304835e+01 -2.333943669179461722e+01 -1.027418076735011709e+01
-7.497601998895243014e+01 -6.234292758882747876e+01 -5.188753766528589040e+01 -4.442183127570933721e+01 -3.934437657839316671e+01 -3.127752777446585242e+01 -2.104179507066692167e+01 -1.321445365230647440e+01 -8.950590574008856493e+00 -7.900043406340046204e+00 -1.223952362505224301e+01 -1.760672970070299925e+01 -2.415349050548320520e+01 -3.404385465331051819e+01 -4.391269489416572469e+01 -5.410739844550880662e+01 -6.411120584975924430e+01 -6.161138459564335790e+01 -5.401930277780866163e+01 -4.412614651871535898e+01 -3.401327497681086243e+01 -2.017908195292329765e+01
-9.333147492744319607e+01 -7.674245623493516177e+01 -5.787814975217679603e+01 -4.075695166459718166e+01 -3.767977284626886103e+01 -3.038351535680430970e+01 -1.956457809576568252e+01 -1.211346564747418597e+01 -7.186292252850762452e+00 -4.497316180096277094e+00 -7.334051129058025253e+00 -1.220902703997853678e+01 -1.901185721058845957e+01 -2.807572273166715604e+01 -3.818262650843462325e+01 -4.836192223679063318e+01 -5.803238511172276048e+01 -6.149942756875134364e+01 -5.758584037030595937e+01 -4.650273212726096972e+01 -3.257881655263736320e+01 -1.683488277891683538e+01
-1.180270983889340641e+02 -9.610601058083921089e+01 -7.037633339894910023e+01 -4.719058193512591970e+01 -3.645988568321172352e+01 -2.901466099711251445e+01 -1.909212483696683194e+01 -1.281262786937804776e+01 -6.846002336547826417e+00 -2.281174422451840655e+00 -2.468839606802248454e+00 -5.614427811782661593e+00 -1.141813807314520091e+01 -2.006868183514779957e+01 -2.919953434783292323e+01 -3.741615763410482032e+01 -4.334840498018547805e+01 -4.797409888777292508e+01 -4.378811388748727040e+01 -3.216677201688071364e+01 -1.456671369367177249e+01 6.091892131771601271e+00
-1.396035461061901515e+02 -1.066866205460164565e+02 -8.223798365841412306e+01 -5.556494548536284128e+01 -3.587336680627504393e+01 -3.021874492129518330e+01 -2.116974523444514489e+01 -1.322382633529650775e+01 -6.354699129046821326e+00 -1.229132339211901126e+00 1.654851533093278704e+00 6.298870200234887307e-01 -3.120411146162950899e+00 -8.984321480332255305e+00 -1.417901208135481284e+01 -2.000528714898882754e+01 -2.444371966875769431e+01 -2.442069499753870332e+01 -1.959527177030940948e+01 -7.355763112314889440e+00 9.166451805651377072e+00 2.688911452448610362e+01
-1.489501931668482939e+02 -1.125759971559155019e+02 -8.468365256621564185e+01 -6.084290472350767232e+01 -3.900899249818121461e+01 -3.083248258780258766e+01 -2.471364571022877499e+01 -1.543849527531074273e+01 -7.459963613778199942e+00 -1.319368158869110630e+00 4.048502716984330618e+00 5.885363078271439008e+00 6.111562102127209073e+00 3.550122993912737002e+00 3.911630363018048229e-01 -2.191719368820486125e+00 -4.312202058059483534e+00 -2.322553247351606842e+00 3.291800712922849925e+00 1.479629162714627455e+01 2.970208107958478649e+01 4.717944966119284800e+01
-1.476416878587906467e+02 -1.158999395385681055e+02 -8.366728514719852683e+01 -6.159621203974165837e+01 -3.972465540701887221e+01 -3.204704813433818344e+01 -2.619446373901610059e+01 -1.709568956288785557e+01 -8.664295049828979245e+00 -2.028863789768365677e+00 4.219139321861803182e+00 1.020569200522368192e+01 1.197176248612140625e+01 1.389773284321654501e+01 1.327995154035124870e+01 1.318533298303373158e+01 1.253737599660234991e+01 1.594365747811571055e+01 2.278551575589790446e+01 3.330513296517347044e+01 4.725564587324151944e+01 6.072394191704643163e+01
-1.364363269848290656e+02 -1.115571105849267042e+02 -7.867256234637625312e+01 -5.459306879387531808e+01 -3.658556625450091815e+01 -3.117157321960894478e+01 -2.527472765930360765e+01 -1.598721571208534442e+01 -8.128799680306656228e+00 -2.176444474303025345e+00 4.679315831396706926e+00 1.178694206252839649e+01 1.622904147787812690e+01 2.049652286969103443e+01 2.332425915555086249e+01 2.570435978651494224e+01 2.796296265552336990e+01 3.250765325527208915e+01 3.966192532115383074e+01 4.903373889837075694e+01 6.090048160839887714e+01 7.306098776069029554e+01
-1.289538927884186705e+02 -1.012739311091336276e+02 -7.190243129712052905e+01 -4.609371474615363695e+01 -3.149091951669197442e+01 -2.620989834188731038e+01 -2.021900988732522819e+01 -1.198927584009288694e+01 -5.899427759507489100e+00 -1.120176865821122192e+00 5.141747027444580453e+00 1.229971848713648797e+01 2.005198735739668336e+01 2.655785481305338180e+01 3.084968704496623104e+01 3.474053123633257201e+01 3.815539664927928243e+01 4.309515839921459701e+01 4.998042040265136166e+01 5.952966390979418065e+01 7.071805577996019565e+01 8.084359441578544647e+01
-1.224972511258629311e+02 -8.955408005502613378e+01 -6.096618977362322767e+01 -3.674879006678565929e+01 -2.383537632177467458e+01 -1.744587373028207367e+01 -1.284989528274854820e+01 -7.712632974677035236e+00 -2.781720279631372250e+00 1.727809908210474532e+00 6.796272033815512259e+00 1.413403668582122918e+01 2.246393171203180827e+01 3.108606142267672112e+01 3.684615226837740920e+01 4.116111871899647667e+01 4.503676724961860600e+01 4.824918837925815751e+01 5.577734237863660383e+01 6.563905606170101237e+01 7.625030905860512576e+01 8.918890828379699087e+01
-1.154753099271874817e+02 -8.130154432533981890e+01 -4.637049385138288926e+01 -3.097794383108157490e+01 -1.846532060925255792e+01 -9.280046474093978759e+00 -5.401231703739540535e+00 -1.905446307455349597e+00 1.685168077703565359e+00 5.282132682987139560e+00 1.012207665877940599e+01 1.611650050441949134e+01 2.427485456912199879e+01 3.174354939593285962e+01 3.874592825303534482e+01 4.478770501299823081e+01 4.851851092626111495e+01 5.178133914543650462e+01 5.653466921189374261e+01 6.521303180761151452e+01 7.647697067884564603e+01 8.717889920740799425e+01
-1.124059348423070333e+02 -7.455427826063532848e+01 -4.055556411599263811e+01 -2.436536877664730127e+01 -1.288396826534608408e+01 -3.312648340402120084e+00 5.782934816807028255e-01 3.657374679950407881e+00 6.189995940111657546e+00 9.415649347821272386e+00 1.384294230695923034e+01 1.891236828888850141e+01 2.459491464501388691e+01 3.057423434443444421e+01 3.623737547900600475e+01 4.142753422600708291e+01 4.525498373795198859e+01 4.908712441908119217e+01 5.424444721012878290e+01 6.103321349170164467e+01 6.825887405566300004e+01 7.982616170148139645e+01
-1.032354290271623540e+02 -6.883004571103901981e+01 -3.622735304041270865e+01 -1.885251211381364556e+01 -8.377919868066783238e+00 3.974616053410500172e-01 3.908101764166531211e+00 7.386161034545693838e+00 1.024270440045074793e+01 1.339527223024742852e+01 1.691619756601539848e+01 2.087294595695493626e+01 2.451471405733173015e+01 2.868646385762167483e+01 3.295687886808445910e+01 3.589574859941239993e+01 3.914953789817445795e+01 4.266747273935561680e+01 4.665849227822582179e+01 5.258592365513140976e+01 5.789832585313251911e+01 6.521163263782273134e+01
-9.493963720695046504e+01 -6.154992607618169131e+01 -3.141004280039305741e+01 -1.497003193391083187e+01 -5.674215341476156027e+00 2.250126688403724984e+00 5.790747143001681252e+00 9.998910756390614551e+00 1.299172781649576791e+01 1.616028717270728521e+01 1.908029003950650804e+01 2.193474293549843424e+01 2.455729262964905502e+01 2.663909444821638317e+01 2.927157797019390273e+01 3.143851248008832044e+01 3.348154380088453763e+01 3.534833534704648628e+01 3.733038217396369873e+01 3.867090807976001088e+01 3.951325708796684921e+01 3.995684895306476392e+01
-8.412058510673159617e+01 -5.381397675799507851e+01 -2.871510883787777857e+01 -1.317697959965062182e+01 -3.879687528259637475e+00 3.003153260759063414e+00 7.282933841266640229e+00 1.206927113698202447e+01 1.550984341081220919e+01 1.806953915088342910e+01 2.010784207653068734e+01 2.231241900732675276e+01 2.390846052897268237e+01 2.528936321659512032e+01 2.629120648981188424e+01 2.843610554854876682e+01 3.026364324041242071e+01 3.164068396184757148e+01 3.261014447832712904e+01 3.284855369667820923e+01 3.332970951867901022e+01 2.711715586350692320e+01
-7.161469108239998604e+01 -4.448013523727513530e+01 -2.633706563981559157e+01 -1.081631114459378296e+01 -1.853892754644220986e+00 3.032003203375097655e+00 7.790363434609389515e+00 1.297630336917154636e+01 1.665718719249798596e+01 1.928926192045946664e+01 2.112179074359119113e+01 2.205860930859398650e+01 2.317854046255979483e+01 2.406649634727182274e+01 2.570822590123680129e+01 2.733591336776498792e+01 2.883453382826792222e+01 3.023522495471934235e+01 3.130353225796534389e+01 3.173091723904781247e+01 3.233150996522272180e+01 3.023007342936489295e+01
-5.769011153315022966e+01 -3.977304759294111136e+01 -2.248801065058614768e+01 -6.787866195671995229e+00 -2.572563684844681120e+00 2.735312575015996117e+00 8.168890454950087587e+00 1.316700008764473750e+01 1.786128991205350758e+01 2.046228964025613095e+01 2.203806560145221738e+01 2.210185581891437323e+01 2.167828791903502861e+01 2.350159883439573605e+01 2.587276194971036603e+01 2.795426677728210052e+01 2.969554692643760063e+01 3.105718039715975465e+01 3.216706911099845456e+01 3.276351930652162991e+01 3.320340736299476703e+01 3.200031759428020450e+01
-4.792777029699391278e+01 -3.271112335767702461e+01 -1.861817953508307255e+01 -8.174034663814381929e+00 -4.153648545358919364e+00 6.263769982788289781e-01 4.048837615830052528e+00 9.346045449577104591e+00 1.445650427179680264e+01 1.969132542704301159e+01 2.249927019676124473e+01 2.193796224297148001e+01 2.031850132151703292e+01 2.314123101098539337e+01 2.666580080982384970e+01 2.941364054287623730e+01 3.141761796189985034e+01 3.285403023940216372e+01 3.358832528685525176e+01 3.410416980211084592e+01 3.405000672482219670e+01 3.304742203951718693e+01
