4.329575093412131537e+00 2.144430089288107411e+01 3.251768483671185095e+01 5.046577096647251892e+01 5.484306650508369785e+01 5.180920624905047589e+01 5.066135090122770634e+01 4.728198123856691382e+01 4.455956398876060121e+01 4.132009919265783537e+01 4.134186071478234226e+01 4.864222141687878320e+01 5.949681794563548465e+01 7.198841464480119612e+01 8.699510962093609123e+01 9.713594522603125370e+01 1.067439228858011120e+02 1.170278481264404036e+02 1.299349847431676608e+02 1.278551003506590860e+02 9.745018629206151672e+01 9.847588965287104656e+01
-1.197091753716631501e+01 -1.611912255867537169e+00 5.622388337867050723e+00 1.660830683498988947e+01 2.414469520381589973e+01 2.932922321823025413e+01 2.973785009504990740e+01 3.289028548991791467e+01 3.606546079647796432e+01 3.120260208551280812e+01 3.166499106790342921e+01 3.744338981037981284e+01 4.573019125274458929e+01 5.560974123438063543e+01 6.316801919708723290e+01 7.388735980932233360e+01 9.320837349814792105e+01 1.037615705200969387e+02 1.103955762209288878e+02 1.221305047824826033e+02 1.309804759981916504e+02 1.312799572991089008e+02
-3.607662952498048980e+01 -2.856949554181119311e+01 -2.833083960199746798e+01 -1.671203365786277573e+01 -6.392528038678392477e+00 1.899086272221211402e+00 7.727654032501959591e+00 1.692895654374206060e+01 1.869516582044980169e+01 1.496720296503735881e+01 1.692806206249042589e+01 1.879697769725771650e+01 2.264674545882189705e+01 2.833152750224599004e+01 3.625886712692135916e+01 4.777190407429861807e+01 6.717164473407137848e+01 8.600143583658791613e+01 1.027196278913206697e+02 1.151149291711953992e+02 1.246048586410006465e+02 1.364178675924486015e+02
-5.076756286251566053e+01 -4.627423181403446506e+01 -4.077906621420152078e+01 -3.415774550910737162e+01 -2.557959807929182716e+01 -1.584330391617731948e+01 -8.941266621971408313e+00 -5.818971024380516610e+00 -1.070667071706429851e+01 -9.425033946089570236e+00 -1.474163817612861749e+01 -1.593195753659892944e+01 -1.045092721794298996e+01 -9.777347760488737549e+00 -5.113326487362428452e-01 1.302152411546740041e+01 2.329380360003415262e+01 4.945088666263654886e+01 7.744114875084233063e+01 9.913273475548612623e+01 1.125061847730039517e+02 1.265693511628751367e+02
-5.972716860941000050e+01 -5.797244687201146007e+01 -5.363576117170487123e+01 -4.655608740831030445e+01 -3.451204528538164595e+01 -2.414822656112028199e+01 -1.815851577114062820e+01 -1.957422992682404583e+01 -3.212543775010180980e+01 -3.655790404162689811e+01 -4.327260055065198685e+01 -4.914633561680875573e+01 -4.834377723431680351e+01 -4.072856834008416627e+01 -3.408161697067589557e+01 -2.368718483935572294e+01 -1.753788573161455133e+01 1.741214834942729794e+01 5.325029099193125148e+01 8.063388515313999960e+01 1.004440756316444094e+02 1.117014975425236116e+02
-7.165973447709984612e+01 -6.519253493098494801e+01 -5.878133431226888206e+01 -5.104445272289285640e+01 -3.748257496483893192e+01 -2.852557196925590688e+01 -2.334620985430774454e+01 -2.637692086471815855e+01 -3.715997176652945200e+01 -4.420952147529260401e+01 -5.067261239389426919e+01 -5.892997260382344393e+01 -6.105631729367905791e+01 -5.339963540227108751e+01 -4.772963195692864247e+01 -4.141874310865114239e+01 -3.477700303641177015e+01 -1.283672939801817847e+01 2.462823696270243090e+01 6.107218980685956922e+01 9.043890099827513041e+01 1.017387853150075898e+02
-8.178930610305815208e+01 -7.389103263870674709e+01 -6.473917610672287992e+01 -5.557774043623430771e+01 -4.179066331571993942e+01 -2.969778044615577528e+01 -2.592428526818184764e+01 -2.767433859930770268e+01 -3.636418434663755761e+01 -4.148583546888858109e+01 -4.738954979851678218e+01 -5.150978979403680569e+01 -5.388591695238392276e+01 -5.493004758177630720e+01 -5.323278271197978029e+01 -5.225040352768519369e+01 -4.511958057932315569e+01 -3.095972436654392368e+01 8.966984920215509192e+00 4.348012842643038312e+01 6.928968351518506097e+01 8.150344097661309206e+01
-8.867358575624439254e+01 -8.093963307663761952e+01 -6.907372811494224152e+01 -6.104238560417888948e+01 -4.649175610742531717e+01 -3.243081458342294354e+01 -2.699852793480204127e+01 -2.538717745504527556e+01 -2.645963053476680216e+01 -2.871946753888187231e+01 -3.026042933106873534e+01 -3.347777067272636486e+01 -4.055588889835689770e+01 -4.464892056978987966e+01 -4.845738812979743670e+01 -5.038297160937690933e+01 -4.749947455180426914e+01 -2.996881339281299006e+01 4.847765900453850918e+00 3.541560034808753699e+01 5.335984123613889096e+01 6.605537453992110386e+01
-6.344096085818182473e+01 -7.680531484975472267e+01 -7.157789257054628251e+01 -5.918726161522863549e+01 -4.735336303246185707e+01 -3.843311174813243269e+01 -2.879966660115042032e+01 -2.213878236730215576e+01 -1.946771086216085678e+01 -1.921110850066452258e+01 -2.156908106871287600e+01 -2.452702797523761546e+01 -2.888031934603077389e+01 -4.051565017231678212e+01 -4.709379733782225230e+01 -5.131775007518626808e+01 -5.698166549589950591e+01 -4.310221291397738241e+01 -1.106449577032526577e+01 1.556383124600506562e+01 3.564647480600615381e+01 4.685273960360609635e+01
-5.641636095415105956e+01 -5.023021371686354541e+01 -4.818736144794820575e+01 -5.146384617429066566e+01 -4.734165888672032452e+01 -3.850211642770591425e+01 -2.809190716669763788e+01 -1.766286940460395272e+01 -1.164835033195322467e+01 -9.936721794140794373e+00 -1.363171600621262769e+01 -1.862129541034482827e+01 -3.092618026651962282e+01 -4.351881220590985322e+01 -5.445441380623378791e+01 -6.244022511721504998e+01 -6.776967883877568966e+01 -6.825379472585700569e+01 -3.798919257035777264e+01 -1.185433292045308917e+01 1.053403478234668000e+01 2.108779269394653966e+01
-5.504903390591425705e+01 -4.949047245559722796e+01 -4.613302152857249894e+01 -4.590211006706067565e+01 -4.562914185939916933e+01 -3.700646885963215027e+01 -2.733959112944103254e+01 -1.320598398397123674e+01 -3.729757739030901575e+00 -3.149849534209351987e+00 -7.527912218816709355e+00 -1.572141813827056467e+01 -2.905691067620318790e+01 -4.373525423224964470e+01 -5.882723039451593650e+01 -7.133969619488107128e+01 -8.559713382187055686e+01 -9.492337600866358116e+01 -7.161106743540949537e+01 -4.161184416646847239e+01 -2.000699010920743603e+01 -8.567727660531090805e+00
-6.095968136943702120e+01 -5.072356194108033378e+01 -4.083377783146625006e+01 -3.919966272020883480e+01 -4.121672990421211580e+01 -3.618091718703999504e+01 -2.641687549751713959e+01 -9.887086990136594977e+00 2.153376911906889291e+00 3.072500812744692666e+00 -1.752608250385492283e+00 -9.554155003846972249e+00 -2.367591697914213000e+01 -3.985825029608531622e+01 -5.485050283578857488e+01 -7.614094971537724632e+01 -1.051758448423970549e+02 -1.176416345825909957e+02 -9.551235820882084226e+01 -7.106248076855990803e+01 -5.117164335361394478e+01 -3.111463753483894834e+01
-8.132970338284940226e+01 -6.568869640111552144e+01 -4.682438991835715569e+01 -3.274516596167177340e+01 -3.916887293251693336e+01 -3.558126337696558039e+01 -2.688420678841066547e+01 -1.248667745219245262e+01 5.819696249909611652e-01 6.961646144212863874e+00 4.814320144390876521e+00 -1.843228499736142112e+00 -1.521208961147567607e+01 -3.099815811285498057e+01 -4.974041422821846936e+01 -7.486378662381412141e+01 -1.065039801224365874e+02 -1.238127738502325883e+02 -1.134614843376884892e+02 -8.139338023740674544e+01 -5.505171084193807474e+01 -3.464414775497152732e+01
-1.273557859513421135e+02 -8.505225074701957055e+01 -5.932257356512945989e+01 -4.427107597343183443e+01 -3.978103459276007925e+01 -3.460365145424111688e+01 -2.658103013219351851e+01 -1.763764937503674446e+01 -2.348862316818667750e+00 7.809887438062105502e+00 1.025628891219548677e+01 6.437601143607025733e+00 -2.807166251507624111e+00 -1.604750612870429904e+01 -3.532249214054263575e+01 -6.245879611830514477e+01 -8.498019589166415244e+01 -9.813510388368104032e+01 -9.482981684720834892e+01 -6.598943604996748036e+01 -3.651295085571655363e+01 -1.039009019946934131e+01
-1.977136305991307381e+02 -1.486516773651073891e+02 -7.634257717491982476e+01 -5.888609439491119701e+01 -3.919451571582339966e+01 -3.555953557419707067e+01 -2.828886182935730176e+01 -1.880550124399906053e+01 -5.547458923793783470e+00 5.827563615805047448e+00 1.290582112795254943e+01 1.110730552373570390e+01 6.833091953123584972e+00 -3.853494038685312262e-01 -1.364387515960515884e+01 -3.646089313716765901e+01 -5.600394655647141917e+01 -6.229822059128673573e+01 -5.642122126454432873e+01 -3.215104755762968125e+01 -1.270144289194831799e+00 2.495520532559567073e+01
-2.070602776597888806e+02 -1.706860816488560886e+02 -9.846156914010316541e+01 -6.128634301205056545e+01 -4.081100766046074568e+01 -3.551995568794518476e+01 -3.145415467573002388e+01 -2.446641316173918312e+01 -1.474882481180247851e+01 -2.015714870259216696e+00 9.116364329569478286e+00 1.394851115898200078e+01 1.563543881018176762e+01 1.340848235494922847e+01 3.250312067091726931e+00 -8.392776094261535036e+00 -2.119942568598162325e+01 -2.323773581871409988e+01 -1.668780621198038716e+01 7.690577360431234410e+00 3.893407074640163046e+01 6.839092584760055615e+01
-1.831604540445205203e+02 -1.338464430398171316e+02 -8.280491919701034931e+01 -5.897038762341617257e+01 -3.869280001098195498e+01 -3.258238466489274288e+01 -3.809254183293433016e+01 -3.629965368367356859e+01 -2.305065929318061535e+01 -8.180117897734817234e+00 3.618803148547158344e+00 1.413531851318111876e+01 1.951070884889759327e+01 2.445732446001966309e+01 2.101897224447111512e+01 1.543809864152717637e+01 9.880015159207687248e+00 1.143700130941851967e+01 1.898033757829125534e+01 4.583126256359719264e+01 7.597853657293853757e+01 9.823959662653123814e+01
-1.343656789893893801e+02 -8.980676983160356031e+01 -5.471138298695859703e+01 -4.950518018747607130e+01 -3.293686941490068421e+01 -3.335420198583597085e+01 -4.685926021937666519e+01 -4.048305728798459313e+01 -2.871176050820122327e+01 -1.205281544522495096e+01 7.508489594374623266e-01 1.160780735508615180e+01 2.062809731719698902e+01 2.872842342425337847e+01 3.461858229743120319e+01 3.501966866761722486e+01 3.562806970231213199e+01 3.990963984614427318e+01 4.776768772311879729e+01 6.796262740654492518e+01 1.018995379981797669e+02 1.221674388258907129e+02
-9.397862450899629039e+01 -4.857550033975257975e+01 -3.930959005660497496e+01 -3.354274232357602159e+01 -2.959011409188406105e+01 -3.454943327866931213e+01 -3.957389326364955195e+01 -3.150005733478974435e+01 -2.459969044558692985e+01 -1.142314179965978838e+01 8.923605685804432142e-01 1.138966022356635222e+01 2.111016893435953534e+01 3.146658483748524304e+01 3.988619252049466013e+01 4.719794223441385839e+01 5.213349170941364719e+01 5.719521948969941150e+01 6.351327719440359942e+01 7.810815706221546861e+01 1.060339255114013213e+02 1.271600512824243197e+02
-6.647785842862867867e+01 -2.824695160269857297e+01 -1.959625266534931143e+01 -2.772258070971747657e+01 -2.845453086314864777e+01 -2.963640892819239525e+01 -2.799721218553258950e+01 -2.216154153522347769e+01 -1.411530502762343531e+01 -5.492490564083709614e+00 4.181347919692598225e+00 1.328343592383680516e+01 2.205285902790546970e+01 3.355700784599139297e+01 4.415000177944966708e+01 5.212887628552198294e+01 5.952339274794212542e+01 6.402237615041121899e+01 7.106744438263831398e+01 7.924483238540506136e+01 9.492332659192652500e+01 1.295790513828223993e+02
-9.650079373807147931e+01 -5.523843185877012729e+01 -1.856102151849336224e+01 -3.757278140468861238e+01 -2.692133638225732284e+01 -1.859084595343756519e+01 -1.499793227628470049e+01 -9.874461821267686901e+00 -4.156581426850607386e+00 2.528966127532839892e+00 9.273808217294572387e+00 1.582511909946060769e+01 2.507559306634993845e+01 3.406686041447210300e+01 4.374361812654478854e+01 5.328162078630521137e+01 6.177992227172217099e+01 6.678318832095465041e+01 7.010382889765605796e+01 7.684171606586278358e+01 8.785121187949062005e+01 8.717889920740799425e+01
-1.380331912751307755e+02 -9.019649815302818752e+01 -5.265937640954962262e+01 -2.838182978560325864e+01 -1.643651124165717192e+01 -5.242517781952301448e+00 -2.360408231014844205e+00 2.126856031563875149e-01 4.147106213446022593e+00 9.401853099192521768e+00 1.553027998523339193e+01 2.171412875715577684e+01 2.801193098451949481e+01 3.359816248968581931e+01 3.998085519932283205e+01 4.794804589991963439e+01 5.544424081083707279e+01 6.199854877746929560e+01 6.655120620929392317e+01 7.130892679319276795e+01 7.816111381842893024e+01 7.982616170148139645e+01
-1.386772964221254369e+02 -8.978024160463883163e+01 -4.427156173595540167e+01 -1.696403087471571780e+01 -5.491872312971281644e+00 3.888759747225776664e+00 7.790530325783038279e+00 1.009174753188017348e+01 1.151777338439842424e+01 1.544353914714429266e+01 2.041845840767291520e+01 2.510086823284655111e+01 2.805581177719523112e+01 3.115359269771579420e+01 3.526951449891112134e+01 3.911380072871543234e+01 4.523772189506325958e+01 5.256335863311051071e+01 5.610119993741500366e+01 6.248816341789733997e+01 6.780056561589844932e+01 6.521163263782273134e+01
-1.286241302060061571e+02 -7.463200454424713826e+01 -3.449795125724904210e+01 -1.166122242093842942e+01 -1.361486568842337874e+00 8.110216194558233838e+00 1.236167431012199813e+01 1.552537998304796929e+01 1.632447628160753084e+01 2.004873805289480515e+01 2.355811272393930267e+01 2.599806192433788965e+01 2.657761553634827578e+01 2.571832982270916546e+01 2.730140492226655624e+01 3.024984322521322611e+01 3.297170168805405410e+01 3.648306979788412718e+01 4.147380718475051253e+01 3.867090807976001088e+01 3.951325708796684921e+01 3.995684895306476392e+01
-1.162395212900210026e+02 -5.841464862352859200e+01 -2.827005780650233646e+01 -1.137867140482740069e+01 -5.446923910421901383e-01 8.388155451508282567e+00 1.398181409352582705e+01 1.897934719611839682e+01 2.038325944150892610e+01 2.274474121070124966e+01 2.488608416167971882e+01 2.534340120988326817e+01 2.401965157205904688e+01 2.043164450413678424e+01 2.023622031742434046e+01 2.326419448406431911e+01 2.574606511152160238e+01 2.802687647176844621e+01 3.103124220968857117e+01 2.582782230641896604e+01 3.332970951867901022e+01 2.711715586350692320e+01
-8.416470875708637323e+01 -3.455741485651560652e+01 -2.220655069336771703e+01 -1.150371417083806591e+01 -7.619375115828006528e-01 6.351210290034032369e+00 1.273514463881565462e+01 1.804378925248238374e+01 2.111222575640113064e+01 2.380818328320310684e+01 2.526923184638872044e+01 2.366191264650024095e+01 2.161531751963229908e+01 1.639060616740789555e+01 1.602664101002665120e+01 1.913218791302733734e+01 2.239954617900457379e+01 2.427746278839094884e+01 2.386630762553795648e+01 2.112751035202381900e+01 1.910446303034677840e+01 3.023007342936489295e+01
-4.933606700452492078e+01 -1.821280069570730120e+01 -1.099866676557667233e+01 -7.776495539662391820e+00 -4.198465855116410239e+00 4.138329736180821783e+00 1.100876523165152321e+01 1.502383531806117389e+01 2.182934860921523068e+01 2.390907165035241633e+01 2.447447023467429972e+01 2.217754822300594242e+01 1.848786488303176156e+01 1.518636776811308664e+01 1.479138818249248288e+01 1.915085819683463342e+01 2.344800561613737955e+01 2.469640155829347350e+01 2.492167641842388548e+01 2.337815010569738661e+01 2.018450514830419706e+01 1.867097244311753457e+01
-1.377428366959247796e+01 -3.657087214856801438e+00 7.559075844037579373e-01 -2.987010385319990746e+00 -6.899311793422384653e+00 -1.268861651635234011e+00 2.755054968259173620e+00 1.137955200347732898e+01 1.901548113591616129e+01 2.260849065678576153e+01 2.406504537416458334e+01 2.333668589588432951e+01 1.882563705278334965e+01 1.549539789570098947e+01 1.528109212996696442e+01 2.423215601558513299e+01 2.748559259127978294e+01 2.804598866727428685e+01 2.694980997508264409e+01 2.537916484219749691e+01 2.195299258725026448e+01 1.994324605203019019e+01
