2.285768106201521732e+01 2.581794012682712491e+01 2.866477557723464997e+01 3.788546104257329716e+01 3.612898168425181211e+01 2.617430936386426765e+01 2.000432969450230303e+01 1.504449166030644847e+01 1.397862817919212830e+01 1.052250602088952292e+01 9.895490611227614863e+00 1.657697581012962473e+01 2.338776533297368587e+01 3.040578191974964284e+01 3.736493242751203070e+01 3.999046459538567433e+01 4.043196135655307444e+01 4.043196135655307444e+01 3.961905151031169225e+01 3.237774751644974458e+01 0.000000000000000000e+00 0.000000000000000000e+00
1.242720343624660018e+01 1.043029776282946841e+01 9.292444774920113559e+00 1.102607321481082181e+01 1.213845886876060831e+01 1.168756703241069772e+01 8.587916518964448187e+00 9.792501932500272233e+00 1.245255245945736533e+01 9.593709479515382554e+00 1.079346790974159376e+01 1.644423549786642980e+01 2.283791788358666963e+01 2.740297024735991727e+01 3.062046297240158310e+01 3.232171776850555034e+01 3.714750669356271828e+01 3.904043721363086661e+01 3.572011860620932566e+01 3.510592293806257658e+01 3.434419918222556589e+01 3.237774751644974458e+01
-1.332134842789855611e+00 -5.624263920411976869e+00 -1.296411418686057004e+01 -9.096975650594686158e+00 -6.650534609925671248e+00 -6.027382092687730619e+00 -2.537889117224949587e+00 4.446334288689286041e+00 6.817910852098066243e+00 4.096539239883895789e+00 7.139513031424939982e+00 1.131060178963707585e+01 1.418002492456798791e+01 1.698873955527415092e+01 2.184483805584022775e+01 2.265472886008865316e+01 2.646789274643560930e+01 3.238390851479107369e+01 3.777692056524392683e+01 3.785216481036786718e+01 3.801893491324426577e+01 3.757461086233161041e+01
-6.509634282359002100e+00 -1.137693919437242585e+01 -1.299549652320001769e+01 -1.291644720620024600e+01 -1.222203415793774184e+01 -9.995013312372975633e+00 -8.212889892808561854e+00 -6.209506546648299263e+00 -8.748811454438509827e+00 -6.967651636003211024e+00 -9.633653803109154978e+00 -7.045378331392385007e+00 -3.618370858835987747e+00 -4.829685831607093860e+00 1.210673446802502440e+00 4.259978621700611257e+00 1.200949629860588175e+00 1.162517899129215948e+01 2.504828341163647565e+01 3.650655849552549626e+01 3.956654663290555618e+01 3.986983144513760635e+01
-8.671543588013264525e+00 -1.325768417330436932e+01 -1.321705943898359692e+01 -1.298286078443288716e+01 -7.782314136182321818e+00 -4.009208204084643512e+00 -3.016154924163856776e+00 -7.390767927153319761e+00 -1.722388034033974691e+01 -1.993937175755399949e+01 -2.271067222833062260e+01 -2.669081488398478541e+01 -2.649958424696433212e+01 -2.019207520131385536e+01 -1.578749696878821851e+01 -1.603332651952041488e+01 -2.352922534360914142e+01 -6.711202530314039905e+00 1.326624216621439700e+01 2.956205167058215011e+01 4.101284845581994887e+01 4.177017047594108590e+01
-1.359418846810058312e+01 -1.350925476612428611e+01 -1.345060781069696532e+01 -1.141420478743020794e+01 -3.000481674405818922e+00 2.017125675114584737e+00 2.519056456697398971e+00 -3.332622035205531574e+00 -1.126410925682739617e+01 -1.485236824350340612e+01 -1.960790551667105319e+01 -2.660096136035917880e+01 -2.665547393518954777e+01 -2.018292154478058364e+01 -1.618494027147698944e+01 -1.847565219876287301e+01 -2.785967693709244486e+01 -2.321552512422476866e+01 -2.189838449508897611e+00 1.937334510654909536e+01 4.106923140525668714e+01 4.400048397680529888e+01
-1.359418846810058312e+01 -1.359418846810058312e+01 -1.359418846810058312e+01 -1.162690581500737608e+01 -3.320655200373039406e+00 3.191806050321247312e+00 3.191806050321247312e+00 -1.262089639767509652e-01 -5.736556228204790386e+00 -7.849585494234815997e+00 -1.138154196075993241e+01 -1.351228199517754547e+01 -1.389248593924821762e+01 -1.288561982272403839e+01 -1.108374456570527400e+01 -1.525376294825218793e+01 -2.463068297473819257e+01 -2.732699758618400665e+01 -2.698713101200155506e+00 1.718283883428466652e+01 3.433468192362488480e+01 3.722666842215585348e+01
-1.180577025001184666e+01 -1.359418846810058312e+01 -1.359418846810058312e+01 -1.359418846810058312e+01 -4.240664526238106191e+00 2.304285880863062630e+00 3.191806050321247312e+00 1.629502258996581077e+00 -2.614134215773447067e-01 -1.783087005696870619e+00 9.396829734123457456e-02 2.316832241601332498e+00 -6.618109086766708060e-01 -2.288253238993092964e+00 -3.644482012821754324e+00 -7.894121023900879663e+00 -1.599581671971918695e+01 -1.403181985436276591e+01 4.986569951856836269e+00 2.346936828586513002e+01 3.290384434666793823e+01 3.707688596469142794e+01
1.277033573714743397e+01 -9.467945881984633161e+00 -1.359418846810058312e+01 -9.883316170876241813e+00 -4.903389412574142625e+00 -3.434596859496195975e+00 -1.508599908529504319e+00 1.411757537141966168e+00 1.163304710952616006e+00 7.520202778523525922e-01 3.283477539057457761e+00 6.397145882830045593e+00 7.517572820470377337e+00 1.215086425632762257e+00 -1.520607942698006809e+00 -4.712585281115934777e+00 -1.592237427570034924e+01 -1.312258214875146223e+01 4.353882259330930538e+00 1.816641780584359367e+01 2.942050078352622222e+01 3.180664468737177231e+01
1.735048372805522376e+01 1.415421420107304584e+01 9.648262381298991386e+00 -1.601367995070177130e+00 -4.903389412574142625e+00 -4.903389412574142625e+00 -3.831645092045619094e+00 7.818026332079170970e-01 3.971343815288491896e+00 4.442423586719996820e+00 5.858630447766699945e+00 7.494367518596845912e+00 1.369162209371097561e+00 -3.945452474745252402e+00 -6.966032429987535579e+00 -1.102035292387790832e+01 -1.825713696210095804e+01 -2.527747001561965590e+01 -5.571090969644501456e+00 8.966299926656574826e+00 1.987039220441056386e+01 2.134056803282419423e+01
1.554594448027455655e+01 1.281612204089287843e+01 9.610138871290473617e+00 2.383843702712511003e+00 -3.958373347129963804e+00 -4.903389412574142625e+00 -4.903389412574142625e+00 2.473230729770875769e+00 8.025186317596308072e+00 8.463119800007007143e+00 8.405401966706449457e+00 6.604444393905396282e+00 -3.196728081793480669e-01 -5.742282337680990167e+00 -1.051828131023466995e+01 -1.561078825712684193e+01 -2.736035107806037558e+01 -3.968618552179850667e+01 -2.565919887765903695e+01 -7.863475415355424047e+00 3.332446582587181183e+00 1.706453106819026289e+00
1.401633861951540894e+01 1.161936564774714498e+01 1.105375983381964033e+01 5.222168555500502407e+00 -1.872353325818949088e+00 -4.903389412574142625e+00 -5.375080426850217918e+00 3.327366662169879419e+00 1.110396748591574578e+01 1.097254421908473887e+01 1.048691537466675072e+01 8.052574696856027003e+00 4.775735263410751941e-01 -5.814395642774798034e+00 -1.093780794162285019e+01 -2.203355126986843970e+01 -4.106463899263781059e+01 -5.603024998694763781e+01 -4.149305543101218063e+01 -2.693633424984454905e+01 -1.715836837680308236e+01 -1.093555558191565069e+01
1.200177154459379381e+01 1.105375983381964033e+01 1.105375983381964033e+01 8.011785702925408259e+00 -1.489100086248072330e+00 -5.197748020161270688e+00 -7.319628692644982948e+00 -3.732118047182666487e-01 7.768261877841723617e+00 1.145896232430914097e+01 1.214837127344890177e+01 1.036579854024239467e+01 3.799767599112783500e+00 -2.922435381187824532e+00 -1.155778771978384611e+01 -2.650186438702348823e+01 -4.847159501071382692e+01 -6.231334628148124466e+01 -5.587564396738252981e+01 -3.489064811014577572e+01 -2.247289428930071153e+01 -1.780926497605469194e+01
-9.328687562408049416e+00 1.105375983381964033e+01 1.105375983381964033e+01 2.919505961694085272e+00 -3.321148909548355732e+00 -5.588990457128602429e+00 -7.488905295226686576e+00 -4.825021505658696697e+00 4.497140019729158666e+00 1.009106186051394616e+01 1.272512851899773523e+01 1.205202895538968733e+01 8.610971821637576795e+00 4.021175706443500530e+00 -6.122957792709712521e+00 -2.504263848420032446e+01 -4.163179091147867439e+01 -5.016100499590811523e+01 -5.104170295972107851e+01 -3.382266403308676672e+01 -2.194623716204478114e+01 -1.648198233124094259e+01
-5.811008449294058664e+01 -4.196505681909093255e+01 5.895406483494298300e+00 -3.321148909548355732e+00 -3.321148909548355732e+00 -5.340790652901887370e+00 -7.119116594912156870e+00 -5.581674908702552784e+00 8.072402052530378569e-01 7.056695955016948574e+00 1.125096959485927073e+01 1.047741850371221517e+01 9.953503099286535871e+00 8.598972076463724079e+00 5.351369217496539932e-01 -1.645560598817883147e+01 -3.156022688771372486e+01 -3.787752559374803241e+01 -3.682594949423491926e+01 -2.479528444531479181e+01 -1.043659609484620887e+01 -1.933909198890432890e+00
-5.811008449294058664e+01 -5.811008449294058664e+01 -1.377791657388752355e+01 -4.434382885428931331e-01 -1.802015162279531069e+00 -4.687473100142597104e+00 -6.740508965501248895e+00 -9.027917886428440397e+00 -7.288861198024278565e+00 -6.963467113901060657e-01 5.067861612585147668e+00 8.063148080710561771e+00 9.523876708054558549e+00 9.858359361036491464e+00 2.859149030789922108e+00 -6.201056725441048911e+00 -1.688722362792213971e+01 -2.091518257136249304e+01 -1.997960692490323709e+01 -7.105714266715040139e+00 9.231989666816843965e+00 2.121147618640770816e+01
-3.551876618572987354e+01 -1.794650350124902616e+01 8.623659501881775213e-01 2.625824416325485799e+00 1.031855396036917227e+00 -5.353365305545594310e-01 -1.189807809391822957e+01 -1.920396412078571302e+01 -1.438636424335163611e+01 -6.151254107966451556e+00 -6.003361733146448387e-01 3.929626507957436843e+00 7.538946362776187016e+00 1.055959161680311809e+01 7.739020704119866423e+00 2.252765658493444789e+00 -2.657360837394662667e+00 -4.506656168697190878e+00 -3.805178177606649115e+00 1.252612959842372220e+01 2.872289069969701814e+01 3.751565470948480652e+01
2.070647995439685474e+00 2.175034075332314387e+01 2.396117935941765609e+01 5.087888606399246783e+00 3.648696839600233943e+00 -2.182628766227026063e+00 -2.158453256007305754e+01 -2.449584157589924871e+01 -2.058296082789456705e+01 -9.876370970921925618e+00 -3.928466871959244600e+00 -1.791347074422446894e-01 4.399055839318862127e+00 8.231900554562344041e+00 1.129432314188034070e+01 9.315308881102282612e+00 7.665107046788762091e+00 7.401986590872184024e+00 8.105762401964966557e+00 1.892888850817416824e+01 4.099905638978088973e+01 4.910645106520041736e+01
3.497526827942238015e+01 5.269843076938104787e+01 3.259284124051555409e+01 1.255097242257761536e+01 1.900805424807913369e+00 -8.339534936782001751e+00 -1.935488337632432376e+01 -1.951078149469685741e+01 -1.870026268607944075e+01 -1.030296493383866618e+01 -4.249386458864137239e+00 -9.100582635701357503e-01 1.058181576962851977e+00 4.908730024431861239e+00 9.036505475528429088e+00 1.245741099808128638e+01 1.397809506013436476e+01 1.410006109048481449e+01 1.353285679175223777e+01 1.857849315242128796e+01 3.531586973144112562e+01 4.631645686663887318e+01
5.601939269723425241e+01 6.130712845232756081e+01 4.136993710827391624e+01 9.026209357068182726e+00 -4.619154541373973188e+00 -1.219053519791032159e+01 -1.514731690278404130e+01 -1.444890856054644246e+01 -1.133358474799206306e+01 -7.220300472294184146e+00 -2.614924114122914034e+00 -8.506007619844240253e-01 -4.110726841263385722e-01 2.470946423314671847e+00 7.303849511072257883e+00 1.096775756652550626e+01 1.448662549832351942e+01 1.577318777115306148e+01 1.529010200400171016e+01 1.360577632370404899e+01 1.867301753332139924e+01 4.039014309902540845e+01
1.897451618911600235e+01 2.606311246656969161e+01 2.780947233288952702e+01 -6.594837573607037484e+00 -8.456015773004764924e+00 -9.310799479343586427e+00 -9.596700572545159957e+00 -7.969015513812337304e+00 -5.841749504554172745e+00 -2.753166555454299669e+00 -8.482684414848336019e-01 -2.913814049588836497e-01 8.007384972279396607e-01 2.323311018539243378e+00 4.997689873509443714e+00 8.493915773306980554e+00 1.326141134546105604e+01 1.500184917551814578e+01 1.356915968576231535e+01 1.162868425825126906e+01 1.137424120064497401e+01 0.000000000000000000e+00
-2.562725643282374222e+01 -1.564221989239285904e+01 -1.210381229355698451e+01 -4.016461008955957368e+00 -3.552542976311087841e+00 -1.929869441550181364e+00 -2.938701712695547030e+00 -3.444689076794020366e+00 -2.042889726665634953e+00 -1.379624862875061808e-02 1.687337678274161590e+00 2.801760468267275428e+00 3.417016339505607903e+00 3.023928145251375099e+00 3.743479720316827297e+00 6.520511673912551487e+00 1.018925707288508420e+01 1.291142435838810343e+01 1.230675899916514027e+01 1.027571330149112327e+01 9.902239762765930209e+00 0.000000000000000000e+00
-3.544186739496308292e+01 -2.095019589359981182e+01 -8.044208695542693022e+00 1.888481239097927755e+00 2.886047555095501593e+00 3.491298141884726647e+00 3.882428561616507068e+00 2.705586497334479645e+00 1.275068983947676315e+00 2.048266916896864132e+00 3.502260841657516721e+00 4.227922275891614845e+00 3.541097719863500970e+00 2.467128840094119369e+00 2.312635630826662236e+00 3.218052129303032416e+00 6.088183996888801630e+00 9.895885893754893914e+00 9.442707659189181868e+00 9.902239762765930209e+00 9.902239762765930209e+00 0.000000000000000000e+00
-3.368449299905569205e+01 -1.308207846806544694e+01 -3.087908456855984696e+00 3.308809512972402445e+00 4.312728772633818153e+00 5.860089506154508854e+00 6.570927167120316881e+00 5.526469226657354739e+00 3.332748465111762926e+00 3.888450880187519942e+00 4.477822684432794631e+00 4.063318988839455415e+00 2.020322906699220766e+00 -9.207646255072177155e-01 -1.970173047927346488e+00 -1.188669254875094339e+00 -5.098421128304835293e-01 1.134734450837640907e+00 4.143425010786813800e+00 0.000000000000000000e+00 0.000000000000000000e+00 0.000000000000000000e+00
-3.211893618328940647e+01 -4.600671865533513483e+00 4.450510313754421077e-01 1.798308194823221129e+00 3.334995137217447336e+00 5.385002190749219153e+00 6.698880252259186818e+00 6.910076059136372351e+00 4.873416030696716916e+00 4.675202059817820555e+00 4.778242085149031482e+00 3.030982202556515404e+00 1.111910430863645161e-01 -4.857718712458336086e+00 -6.054986172387543775e+00 -5.171911064484447706e+00 -4.517578128890818334e+00 -3.613807490079125273e+00 -1.578902268638557871e+00 -7.020731390259243199e+00 0.000000000000000000e+00 0.000000000000000000e+00
-1.255001767468638718e+01 9.922720380759528780e+00 4.130514946447874536e+00 -6.874030262442829553e-01 1.091955243061420333e+00 3.319207086658934713e+00 4.944781204206265102e+00 5.067485883310837380e+00 4.455038563903144677e+00 4.518921362743640202e+00 4.147441102797529311e+00 1.603303337906254455e+00 -1.563222942927495751e+00 -7.675890179863927187e+00 -9.681584891210150090e+00 -8.203725454737650580e+00 -6.434987649263348430e+00 -5.957762166328393505e+00 -7.437224632427387405e+00 -1.060340688702399348e+01 -1.322704693487594341e+01 0.000000000000000000e+00
8.354044528625308885e+00 2.156024689723381016e+01 1.148934388500947534e+01 -9.886293439903965918e-01 -1.625902170271729119e+00 1.403017161164825666e+00 2.839874776701435621e+00 1.856835230416436389e+00 3.968058697161723103e+00 3.446782010096285376e+00 2.436404633222082339e+00 7.569240409156918759e-02 -3.190423036003267043e+00 -8.315231066282649408e+00 -1.108137376721788314e+01 -8.803408580447467102e+00 -6.247541310300221085e+00 -6.360778838866281149e+00 -7.245392692574569082e+00 -9.385369200824243308e+00 -1.301890221469056996e+01 -1.332934515116266994e+01
3.415348662740143482e+01 2.905403614282022318e+01 1.937408711948683049e+01 5.187024278494391183e+00 -2.745663248063465289e+00 -1.895238649914062989e+00 -1.293782647570878908e+00 2.033506553900224390e+00 4.558976864119358652e+00 2.917165229742749943e+00 1.565775177403338603e+00 1.398723652912849502e+00 -1.492864268733683275e+00 -7.645833115284403902e+00 -1.138470867985688528e+01 -5.181484527291104314e+00 -3.932025370620067406e+00 -4.808041572127876861e+00 -6.638515311772607674e+00 -8.725004959913349012e+00 -1.209701413757193222e+01 -1.310417598748699675e+01
